Loading parameters from parameters.yml: a success
Starting Simulation
day	diversity	tmrca	netau	serialInterval	antigenicDiversity	N	S	I	R	cases	meanLoad	antigenicTypes	cumulativeTypes
New ant mutant distance = 0.004107687775946097 Day = 1 Antigen Mutation on Type = 0
10	0.033	0.025	0.274	0.005	0.000	4000	3951	49	0	134	11.000	1	1
20	0.063	0.052	0.274	0.007	0.000	4000	3971	29	0	79	11.000	1	1
30	0.096	0.079	0.274	0.007	0.000	4000	3979	21	0	46	11.000	1	1
40	0.120	0.107	0.274	0.008	0.000	4000	3979	21	0	37	12.000	1	1
50	0.161	0.134	0.274	0.010	0.000	4000	3979	21	0	43	12.000	1	1
60	0.225	0.162	0.274	0.006	0.000	4000	3975	25	0	39	12.000	1	1
70	0.190	0.189	0.274	0.009	0.000	4000	3979	21	0	39	12.000	1	1
80	0.255	0.216	0.274	0.006	0.000	4000	3977	23	0	39	12.000	1	1
90	0.274	0.244	0.274	0.007	0.000	4000	3980	20	0	34	11.000	1	1
100	0.341	0.271	0.274	0.008	0.000	4000	3979	21	0	28	12.000	1	1
110	0.338	0.296	1.370	0.006	0.000	4000	3980	20	0	34	12.000	1	1
120	0.406	0.326	1.957	0.007	0.000	4000	3976	24	0	40	11.000	1	1
130	0.403	0.353	1.054	0.007	0.000	4000	3977	23	0	37	11.000	1	1
140	0.470	0.381	1.712	0.008	0.000	4000	3976	24	0	41	11.000	1	1
150	0.544	0.408	1.442	0.006	0.000	4000	3976	24	0	40	11.000	1	1
160	0.563	0.436	1.612	0.007	0.000	4000	3975	25	0	48	10.000	1	1
170	0.535	0.463	1.442	0.011	0.000	4000	3980	20	0	36	12.000	1	1
180	0.617	0.490	1.712	0.012	0.000	4000	3976	24	0	32	11.000	1	1
190	0.636	0.518	1.712	0.016	0.000	4000	3978	22	0	33	12.000	1	1
200	0.610	0.545	1.612	0.011	0.000	4000	3980	20	0	31	12.000	1	1
210	0.633	0.573	1.015	0.009	0.000	4000	3977	23	0	30	12.000	1	1
220	0.741	0.600	1.442	0.010	0.000	4000	3978	22	0	31	11.000	1	1
230	0.679	0.627	1.191	0.013	0.000	4000	3979	21	0	20	12.000	1	1
240	0.799	0.652	1.612	0.007	0.000	4000	3981	19	0	21	12.000	1	1
250	0.725	0.678	1.442	0.011	0.000	4000	3980	20	0	21	12.000	1	1
260	0.838	0.710	2.491	0.007	0.000	4000	3978	22	0	29	12.000	1	1
270	0.961	0.737	2.283	0.010	0.000	4000	3978	22	0	25	12.000	1	1
280	0.931	0.764	2.491	0.010	0.000	4000	3979	21	0	24	11.000	1	1
290	0.762	0.789	0.945	0.012	0.000	4000	3981	19	0	19	11.000	1	1
300	0.891	0.818	1.142	0.011	0.000	4000	3979	21	0	24	11.000	1	1
310	0.923	0.845	1.142	0.010	0.000	4000	3980	20	0	17	11.000	1	1
320	1.076	0.874	1.442	0.009	0.000	4000	3978	22	0	31	11.000	1	1
330	1.081	0.901	1.826	0.015	0.000	4000	3979	21	0	21	11.000	1	1
340	1.248	0.929	2.283	0.013	0.000	4000	3978	22	0	28	11.000	1	1
350	1.189	0.956	1.957	0.010	0.000	4000	3978	22	0	21	11.000	1	1
360	1.145	0.984	1.370	0.022	0.000	4000	3979	21	0	16	11.000	1	1
370	1.248	1.010	2.283	0.010	0.000	4000	3979	21	0	26	11.000	1	1
380	1.325	1.038	2.491	0.012	0.000	4000	3979	21	0	18	12.000	1	1
390	1.458	1.066	1.826	0.017	0.000	4000	3977	23	0	22	11.000	1	1
400	1.277	1.088	1.442	0.015	0.000	4000	3980	20	0	17	11.000	1	1
410	1.270	1.119	1.826	0.017	0.000	4000	3980	20	0	17	11.000	1	1
420	1.269	1.142	1.522	0.010	0.000	4000	3981	19	0	21	11.000	1	1
430	1.390	1.168	1.957	0.013	0.000	4000	3981	19	0	20	11.000	1	1
440	1.234	1.203	1.712	0.012	0.000	4000	3978	22	0	16	12.000	1	1
450	1.540	1.230	2.107	0.021	0.000	4000	3979	21	0	15	11.000	1	1
460	1.546	1.256	1.712	0.011	0.000	4000	3979	21	0	21	11.000	1	1
470	1.656	1.285	1.826	0.007	0.000	4000	3978	22	0	21	12.000	1	1
480	1.521	1.312	2.283	0.014	0.000	4000	3978	22	0	13	11.000	1	1
490	1.548	1.333	1.612	0.015	0.000	4000	3981	19	0	17	12.000	1	1
500	1.648	1.364	1.957	0.008	0.000	4000	3980	20	0	12	12.000	1	1
510	1.712	1.392	2.740	0.019	0.000	4000	3980	20	0	12	11.000	1	1
520	1.833	1.422	2.283	0.025	0.000	4000	3979	21	0	13	12.000	1	1
530	1.732	1.449	2.107	0.019	0.000	4000	3979	21	0	10	11.000	1	1
540	1.558	1.474	1.442	0.025	0.000	4000	3980	20	0	14	12.000	1	1
550	1.563	1.503	1.522	0.014	0.000	4000	3980	20	0	12	11.000	1	1
560	1.703	1.527	1.442	0.027	0.000	4000	3978	22	0	10	11.000	1	1
570	1.916	1.555	2.740	0.012	0.000	4000	3982	18	0	20	10.000	1	1
580	1.832	1.581	1.712	0.011	0.000	4000	3982	18	0	11	11.000	1	1
590	1.845	1.604	2.107	0.018	0.000	4000	3981	19	0	7	11.000	1	1
600	1.866	1.633	2.107	0.016	0.000	4000	3981	19	0	9	11.000	1	1
610	2.156	1.667	2.491	0.022	0.000	4000	3981	19	0	12	11.000	1	1
620	1.839	1.679	2.107	0.021	0.000	4000	3982	18	0	10	11.000	1	1
630	2.186	1.719	2.491	0.021	0.000	4000	3981	19	0	14	11.000	1	1
640	1.974	1.747	2.283	0.023	0.000	4000	3982	18	0	9	11.000	1	1
650	2.181	1.775	1.712	0.035	0.000	4000	3980	20	0	11	11.000	1	1
660	1.985	1.803	1.957	0.028	0.000	4000	3982	18	0	9	11.000	1	1
670	2.296	1.829	3.044	0.017	0.000	4000	3982	18	0	12	11.000	1	1
680	2.208	1.853	3.914	0.019	0.000	4000	3982	18	0	11	11.000	1	1
690	2.166	1.888	1.370	0.021	0.000	4000	3980	20	0	9	10.000	1	1
700	2.059	1.907	1.442	0.019	0.000	4000	3982	18	0	10	11.000	1	1
710	2.100	1.929	1.305	0.020	0.000	4000	3982	18	0	9	11.000	1	1
720	2.152	1.962	1.442	0.016	0.000	4000	3981	19	0	10	11.000	1	1
730	2.222	1.996	1.191	0.020	0.000	4000	3981	19	0	10	11.000	1	1
740	2.460	2.025	2.740	0.027	0.000	4000	3979	21	0	10	11.000	1	1
750	2.043	2.048	1.612	0.019	0.000	4000	3982	18	0	7	11.000	1	1
760	2.373	2.075	1.826	0.023	0.000	4000	3981	19	0	6	11.000	1	1
770	2.181	2.101	1.826	0.022	0.000	4000	3982	18	0	6	11.000	1	1
780	2.508	2.134	1.957	0.037	0.000	4000	3980	20	0	10	11.000	1	1
790	2.530	2.162	1.712	0.038	0.000	4000	3980	20	0	9	11.000	1	1
800	2.329	2.182	1.442	0.033	0.000	4000	3981	19	0	6	11.000	1	1
810	2.374	2.215	1.442	0.025	0.000	4000	3981	19	0	9	11.000	1	1
820	2.440	2.242	1.522	0.012	0.000	4000	3981	19	0	13	11.000	1	1
830	2.250	2.258	1.442	0.024	0.000	4000	3982	18	0	7	11.000	1	1
840	2.697	2.296	1.957	0.021	0.000	4000	3981	19	0	9	11.000	1	1
850	2.515	2.325	1.442	0.024	0.000	4000	3981	19	0	14	11.000	1	1
860	2.368	2.341	1.370	0.019	0.000	4000	3982	18	0	7	11.000	1	1
870	2.414	2.367	1.612	0.023	0.000	4000	3982	18	0	3	11.000	1	1
880	2.385	2.408	1.612	0.038	0.000	4000	3980	20	0	8	11.000	1	1
890	2.585	2.426	1.612	0.031	0.000	4000	3981	19	0	8	11.000	1	1
900	2.261	2.444	1.957	0.030	0.000	4000	3982	18	0	3	11.000	1	1
910	3.032	2.479	2.740	0.034	0.000	4000	3982	18	0	4	11.000	1	1
920	2.685	2.511	2.491	0.027	0.000	4000	3981	19	0	6	11.000	1	1
930	2.718	2.533	2.107	0.034	0.000	4000	3982	18	0	9	11.000	1	1
940	2.986	2.567	2.283	0.031	0.000	4000	3982	18	0	6	11.000	1	1
950	2.622	2.596	1.442	0.037	0.000	4000	3981	19	0	8	11.000	1	1
960	2.678	2.608	1.712	0.028	0.000	4000	3982	18	0	5	11.000	1	1
970	3.093	2.648	2.491	0.023	0.000	4000	3981	19	0	6	11.000	1	1
980	3.112	2.682	3.425	0.040	0.000	4000	3980	20	0	5	11.000	1	1
990	3.143	2.703	2.740	0.031	0.000	4000	3982	18	0	5	11.000	1	1
1000	2.897	2.719	1.826	0.038	0.000	4000	3982	18	0	4	11.000	1	1
1010	3.092	2.759	1.712	0.033	0.000	4000	3981	19	0	7	11.000	1	1
1020	2.659	2.785	1.522	0.052	0.000	4000	3982	18	0	4	11.000	1	1
1030	3.395	2.819	2.491	0.103	0.000	4000	3980	20	0	9	11.000	1	1
1040	3.207	2.829	2.283	0.136	0.000	4000	3982	18	0	4	11.000	1	1
1050	3.586	2.864	3.044	0.105	0.000	4000	3981	19	0	8	11.000	1	1
1060	3.151	2.890	3.425	0.072	0.000	4000	3981	19	0	7	11.000	1	1
1070	3.175	2.900	1.712	0.130	0.000	4000	3982	18	0	4	11.000	1	1
1080	3.610	2.951	2.107	0.156	0.000	4000	3981	19	0	7	11.000	1	1
1090	3.148	2.963	1.957	0.139	0.000	4000	3982	18	0	3	11.000	1	1
1100	3.039	3.000	1.442	0.121	0.000	4000	3982	18	0	6	11.000	1	1
1110	3.462	3.032	1.712	0.110	0.000	4000	3983	17	0	5	12.000	1	1
1120	3.650	3.053	2.740	0.059	0.000	4000	3983	17	0	6	12.000	1	1
1130	3.265	3.090	1.305	0.090	0.000	4000	3982	18	0	6	12.000	1	1
1140	3.253	3.111	1.191	0.161	0.000	4000	3983	17	0	7	12.000	1	1
1150	3.288	3.118	2.107	0.210	0.000	4000	3983	17	0	4	12.000	1	1
1160	3.485	3.136	1.305	0.129	0.000	4000	3983	17	0	2	11.000	1	1
1170	3.967	3.188	2.283	0.174	0.000	4000	3983	17	0	4	12.000	1	1
1180	3.333	3.219	1.370	0.123	0.000	4000	3982	18	0	3	12.000	1	1
1190	3.548	3.227	1.712	0.135	0.000	4000	3983	17	0	4	11.000	1	1
1200	3.604	3.244	2.107	0.183	0.000	4000	3983	17	0	5	12.000	1	1
1210	3.690	3.307	1.712	0.132	0.000	4000	3983	17	0	3	12.000	1	1
1220	3.807	3.330	1.522	0.112	0.000	4000	3982	18	0	5	12.000	1	1
1230	3.930	3.344	1.712	0.148	0.000	4000	3982	18	0	2	11.000	1	1
1240	3.864	3.392	2.283	0.152	0.000	4000	3982	18	0	6	12.000	1	1
1250	3.913	3.414	1.957	0.121	0.000	4000	3983	17	0	2	11.000	1	1
1260	3.881	3.436	1.612	0.234	0.000	4000	3983	17	0	3	12.000	1	1
1270	4.175	3.470	2.491	0.169	0.000	4000	3982	18	0	5	12.000	1	1
1280	3.999	3.485	2.491	0.145	0.000	4000	3983	17	0	3	12.000	1	1
1290	3.626	3.523	1.442	0.118	0.000	4000	3983	17	0	3	12.000	1	1
1300	3.676	3.556	1.712	0.120	0.000	4000	3981	19	0	6	12.000	1	1
1310	3.622	3.570	1.957	0.126	0.000	4000	3982	18	0	6	12.000	1	1
1320	3.960	3.599	2.107	0.128	0.000	4000	3982	18	0	5	12.000	1	1
1330	3.798	3.610	2.107	0.146	0.000	4000	3983	17	0	3	12.000	1	1
1340	4.144	3.658	1.712	0.108	0.000	4000	3982	18	0	3	12.000	1	1
1350	4.101	3.681	1.442	0.180	0.000	4000	3983	17	0	4	12.000	1	1
1360	4.029	3.696	2.491	0.177	0.000	4000	3983	17	0	6	12.000	1	1
1370	4.111	3.744	1.957	0.082	0.000	4000	3983	17	0	6	11.000	1	1
1380	4.054	3.749	2.283	0.135	0.000	4000	3983	17	0	8	11.000	1	1
1390	4.061	3.801	1.522	0.166	0.000	4000	3982	18	0	5	12.000	1	1
1400	3.968	3.800	1.826	0.197	0.000	4000	3983	17	0	0	12.000	1	1
1410	4.183	3.833	1.826	0.091	0.000	4000	3982	18	0	7	11.000	1	1
1420	4.275	3.885	2.283	0.090	0.000	4000	3982	18	0	7	12.000	1	1
1430	4.203	3.893	1.712	0.116	0.000	4000	3983	17	0	2	12.000	1	1
1440	3.935	3.900	1.957	0.125	0.000	4000	3983	17	0	1	12.000	1	1
1450	4.063	3.921	2.107	0.077	0.000	4000	3982	18	0	4	11.000	1	1
1460	4.155	3.937	1.712	0.104	0.000	4000	3982	18	0	7	11.000	1	1
1470	3.691	3.937	1.245	0.153	0.000	4000	3982	18	0	1	11.000	1	1
1480	4.352	3.964	2.491	0.113	0.000	4000	3982	18	0	3	11.000	1	1
1490	3.603	3.974	1.712	0.104	0.000	4000	3982	18	0	4	11.000	1	1
1500	4.398	3.984	3.044	0.084	0.000	4000	3982	18	0	2	11.000	1	1
1510	4.431	4.005	2.283	0.177	0.000	4000	3982	18	0	8	11.000	1	1
1520	4.357	4.016	2.107	0.144	0.000	4000	3982	18	0	4	11.000	1	1
1530	4.344	4.036	2.283	0.125	0.000	4000	3981	19	0	2	11.000	1	1
1540	4.353	4.045	1.826	0.082	0.000	4000	3982	18	0	7	11.000	1	1
1550	4.546	4.063	2.740	0.105	0.000	4000	3980	20	0	4	11.000	1	1
1560	4.476	4.073	2.107	0.051	0.000	4000	3982	18	0	6	11.000	1	1
1570	4.565	4.089	1.957	0.049	0.000	4000	3982	18	0	3	11.000	1	1
1580	4.515	4.322	2.107	0.036	0.000	4000	3981	19	0	9	11.000	1	1
1590	4.747	4.336	1.826	0.037	0.000	4000	3980	20	0	4	11.000	1	1
1600	4.777	4.342	1.305	0.032	0.000	4000	3982	18	0	6	11.000	1	1
1610	5.261	4.407	3.044	0.030	0.000	4000	3981	19	0	6	11.000	1	1
1620	4.867	4.422	2.283	0.045	0.000	4000	3980	20	0	4	11.000	1	1
1630	4.954	4.430	2.283	0.040	0.000	4000	3981	19	0	3	11.000	1	1
1640	4.897	4.449	1.612	0.041	0.000	4000	3980	20	0	4	11.000	1	1
1650	5.279	4.462	3.425	0.036	0.000	4000	3982	18	0	6	11.000	1	1
1660	5.315	4.470	2.740	0.029	0.000	4000	3982	18	0	7	11.000	1	1
1670	4.922	4.481	1.957	0.040	0.000	4000	3982	18	0	2	11.000	1	1
1680	5.049	4.499	2.740	0.045	0.000	4000	3982	18	0	5	11.000	1	1
1690	4.945	4.512	1.712	0.046	0.000	4000	3982	18	0	5	11.000	1	1
1700	4.964	4.525	2.283	0.059	0.000	4000	3982	18	0	4	11.000	1	1
1710	5.334	4.678	2.740	0.054	0.000	4000	3981	19	0	7	11.000	1	1
1720	5.570	4.686	3.914	0.054	0.000	4000	3981	19	0	3	11.000	1	1
1730	5.718	4.701	3.914	0.064	0.000	4000	3982	18	0	1	11.000	1	1
1740	4.972	4.716	1.957	0.042	0.000	4000	3980	20	0	3	11.000	1	1
1750	4.985	4.775	1.826	0.077	0.000	4000	3982	18	0	5	11.000	1	1
1760	5.107	4.789	1.826	0.093	0.000	4000	3982	18	0	4	11.000	1	1
1770	5.498	4.789	3.425	0.082	0.000	4000	3982	18	0	2	11.000	1	1
1780	5.079	4.808	3.425	0.066	0.000	4000	3982	18	0	1	11.000	1	1
1790	5.222	4.829	2.491	0.100	0.000	4000	3981	19	0	4	11.000	1	1
1800	5.364	4.845	1.826	0.090	0.000	4000	3982	18	0	2	11.000	1	1
1810	5.235	4.837	2.491	0.062	0.000	4000	3982	18	0	4	11.000	1	1
1820	5.822	4.977	2.107	0.066	0.000	4000	3981	19	0	7	11.000	1	1
1830	5.645	4.985	2.740	0.047	0.000	4000	3982	18	0	3	11.000	1	1
1840	5.686	5.004	2.107	0.059	0.000	4000	3981	19	0	3	11.000	1	1
1850	5.723	5.059	3.044	0.047	0.000	4000	3982	18	0	4	11.000	1	1
1860	5.079	5.071	1.712	0.051	0.000	4000	3981	19	0	5	11.000	1	1
1870	5.939	5.088	2.740	0.066	0.000	4000	3979	21	0	5	11.000	1	1
1880	5.665	5.099	1.370	0.067	0.000	4000	3982	18	0	7	11.000	1	1
1890	5.435	5.155	1.826	0.065	0.000	4000	3982	18	0	2	11.000	1	1
1900	5.321	5.178	2.107	0.051	0.000	4000	3982	18	0	4	11.000	1	1
1910	6.069	5.204	2.107	0.065	0.000	4000	3982	18	0	1	11.000	1	1
1920	5.703	5.234	1.826	0.057	0.000	4000	3982	18	0	5	11.000	1	1
1930	5.772	5.240	2.491	0.055	0.000	4000	3982	18	0	2	11.000	1	1
1940	5.839	5.259	2.107	0.068	0.000	4000	3982	18	0	3	11.000	1	1
1950	6.361	5.279	3.425	0.055	0.000	4000	3980	20	0	4	10.000	1	1
1960	5.836	5.293	2.107	0.050	0.000	4000	3980	20	0	4	11.000	1	1
1970	5.730	5.307	2.107	0.042	0.000	4000	3980	20	0	3	11.000	1	1
1980	5.546	5.307	2.740	0.063	0.000	4000	3981	19	0	1	11.000	1	1
1990	6.013	5.332	2.283	0.078	0.000	4000	3981	19	0	4	11.000	1	1
2000	5.727	5.429	2.283	0.065	0.000	4000	3981	19	0	3	11.000	1	1
2010	6.154	5.479	3.914	0.102	0.000	4000	3981	19	0	2	11.000	1	1
2020	5.563	5.493	1.305	0.075	0.000	4000	3981	19	0	4	11.000	1	1
2030	5.634	5.501	1.612	0.070	0.000	4000	3981	19	0	6	10.000	1	1
2040	6.748	5.525	4.566	0.061	0.000	4000	3979	21	0	8	10.000	1	1
2050	6.241	5.523	2.107	0.056	0.000	4000	3981	19	0	0	11.000	1	1
2060	6.021	5.525	2.107	0.063	0.000	4000	3981	19	0	2	11.000	1	1
2070	5.638	5.660	1.826	0.062	0.000	4000	3981	19	0	3	11.000	1	1
2080	6.025	5.685	2.283	0.064	0.000	4000	3981	19	0	2	11.000	1	1
2090	6.261	5.704	2.740	0.068	0.000	4000	3981	19	0	4	11.000	1	1
2100	6.485	5.711	3.044	0.062	0.000	4000	3981	19	0	3	11.000	1	1
2110	6.609	5.766	3.425	0.063	0.000	4000	3981	19	0	4	11.000	1	1
2120	6.150	5.784	1.712	0.070	0.000	4000	3980	20	0	4	11.000	1	1
2130	6.635	5.797	1.712	0.110	0.000	4000	3980	20	0	3	11.000	1	1
2140	6.182	5.836	2.740	0.069	0.000	4000	3981	19	0	3	11.000	1	1
2150	6.152	5.867	1.826	0.077	0.000	4000	3981	19	0	5	11.000	1	1
2160	6.158	5.881	2.283	0.090	0.000	4000	3981	19	0	2	11.000	1	1
2170	6.999	5.900	2.491	0.097	0.000	4000	3980	20	0	2	11.000	1	1
2180	6.610	5.911	1.612	0.071	0.000	4000	3981	19	0	5	11.000	1	1
2190	7.077	5.921	3.425	0.070	0.000	4000	3981	19	0	3	11.000	1	1
2200	6.947	5.941	2.283	0.083	0.000	4000	3980	20	0	5	10.000	1	1
2210	6.914	6.014	2.740	0.128	0.000	4000	3981	19	0	2	11.000	1	1
2220	6.836	6.052	1.826	0.077	0.000	4000	3981	19	0	2	11.000	1	1
2230	7.030	6.078	2.283	0.090	0.000	4000	3979	21	0	4	10.000	1	1
2240	6.941	6.123	2.491	0.081	0.000	4000	3981	19	0	4	11.000	1	1
2250	6.380	6.138	1.712	0.087	0.000	4000	3981	19	0	5	11.000	1	1
2260	7.560	6.167	3.914	0.060	0.000	4000	3981	19	0	4	11.000	1	1
2270	7.425	6.197	1.957	0.066	0.000	4000	3980	20	0	5	10.000	1	1
2280	7.574	6.208	2.740	0.051	0.000	4000	3981	19	0	5	11.000	1	1
2290	6.817	6.215	3.044	0.076	0.000	4000	3981	19	0	4	11.000	1	1
2300	7.256	6.236	2.491	0.083	0.000	4000	3981	19	0	2	11.000	1	1
2310	6.416	6.251	1.712	0.039	0.000	4000	3981	19	0	5	11.000	1	1
2320	6.968	6.263	2.283	0.042	0.000	4000	3981	19	0	4	11.000	1	1
2330	7.324	6.368	2.283	0.074	0.000	4000	3981	19	0	2	10.000	1	1
2340	7.342	6.395	3.044	0.042	0.000	4000	3981	19	0	8	10.000	1	1
2350	7.392	6.410	3.044	0.035	0.000	4000	3980	20	0	4	11.000	1	1
2360	7.459	6.421	2.491	0.044	0.000	4000	3981	19	0	4	11.000	1	1
2370	7.455	6.432	2.740	0.028	0.000	4000	3981	19	0	2	11.000	1	1
2380	7.235	6.505	1.712	0.043	0.000	4000	3981	19	0	3	11.000	1	1
2390	6.874	6.519	2.107	0.047	0.000	4000	3981	19	0	3	11.000	1	1
2400	8.093	6.573	3.425	0.063	0.000	4000	3979	21	0	6	10.000	1	1
2410	7.609	6.584	3.425	0.057	0.000	4000	3981	19	0	5	11.000	1	1
2420	7.951	6.600	4.566	0.064	0.000	4000	3980	20	0	2	11.000	1	1
2430	7.614	6.601	3.044	0.044	0.000	4000	3980	20	0	7	11.000	1	1
2440	7.962	6.656	2.491	0.054	0.000	4000	3981	19	0	2	10.000	1	1
2450	7.540	6.663	2.283	0.060	0.000	4000	3981	19	0	7	10.000	1	1
2460	7.534	6.675	1.957	0.074	0.000	4000	3981	19	0	6	11.000	1	1
2470	7.850	6.693	2.283	0.072	0.000	4000	3981	19	0	1	11.000	1	1
2480	7.028	6.708	1.826	0.060	0.000	4000	3981	19	0	3	11.000	1	1
2490	7.597	6.718	3.044	0.073	0.000	4000	3980	20	0	6	11.000	1	1
2500	7.906	6.736	2.740	0.071	0.000	4000	3981	19	0	4	10.000	1	1
2510	7.673	6.747	2.283	0.051	0.000	4000	3981	19	0	4	11.000	1	1
2520	7.935	6.767	2.283	0.055	0.000	4000	3980	20	0	4	11.000	1	1
2530	8.414	6.775	5.479	0.062	0.000	4000	3981	19	0	4	11.000	1	1
2540	7.667	6.775	2.740	0.056	0.000	4000	3978	22	0	7	11.000	1	1
2550	6.218	6.807	1.191	0.052	0.000	4000	3981	19	0	5	10.000	1	1
2560	8.200	6.807	3.425	0.057	0.000	4000	3981	19	0	2	11.000	1	1
2570	7.324	6.826	1.826	0.056	0.000	4000	3981	19	0	3	11.000	1	1
2580	7.517	6.838	2.740	0.056	0.000	4000	3981	19	0	2	11.000	1	1
2590	8.042	7.090	2.491	0.078	0.000	4000	3981	19	0	4	11.000	1	1
2600	8.013	7.104	1.826	0.076	0.000	4000	3981	19	0	8	11.000	1	1
2610	8.052	7.116	2.491	0.066	0.000	4000	3982	18	0	2	11.000	1	1
2620	7.794	7.164	2.283	0.056	0.000	4000	3982	18	0	5	11.000	1	1
2630	7.959	7.201	1.522	0.033	0.000	4000	3982	18	0	6	11.000	1	1
2640	7.868	7.212	1.612	0.029	0.000	4000	3983	17	0	6	11.000	1	1
2650	7.462	7.226	2.283	0.026	0.000	4000	3983	17	0	1	11.000	1	1
2660	8.635	7.247	3.914	0.035	0.000	4000	3982	18	0	3	11.000	1	1
2670	7.947	7.258	2.283	0.047	0.000	4000	3983	17	0	4	11.000	1	1
2680	7.829	7.329	1.712	0.051	0.000	4000	3983	17	0	6	11.000	1	1
2690	8.482	7.329	2.107	0.039	0.000	4000	3983	17	0	0	11.000	1	1
2700	7.876	7.329	1.712	0.045	0.000	4000	3983	17	0	2	11.000	1	1
2710	8.131	7.370	2.107	0.044	0.000	4000	3982	18	0	3	11.000	1	1
2720	8.372	7.438	2.283	0.038	0.000	4000	3983	17	0	3	11.000	1	1
2730	7.883	7.463	1.712	0.040	0.000	4000	3983	17	0	4	11.000	1	1
2740	8.186	7.496	2.107	0.044	0.000	4000	3982	18	0	5	11.000	1	1
2750	8.827	7.484	3.425	0.080	0.000	4000	3982	18	0	1	11.000	1	1
2760	8.833	7.522	2.283	0.074	0.000	4000	3981	19	0	3	10.000	1	1
2770	9.105	7.540	3.044	0.069	0.000	4000	3981	19	0	6	10.000	1	1
2780	8.067	7.548	2.107	0.048	0.000	4000	3981	19	0	5	11.000	1	1
2790	8.611	7.564	3.914	0.047	0.000	4000	3981	19	0	5	11.000	1	1
2800	8.569	7.651	2.491	0.066	0.000	4000	3981	19	0	3	11.000	1	1
2810	9.466	7.692	4.566	0.068	0.000	4000	3980	20	0	4	11.000	1	1
2820	8.579	7.710	2.283	0.073	0.000	4000	3981	19	0	3	11.000	1	1
2830	8.922	7.727	4.566	0.096	0.000	4000	3982	18	0	4	10.000	1	1
2840	8.655	7.768	2.491	0.083	0.000	4000	3981	19	0	3	11.000	1	1
2850	8.518	7.767	2.491	0.067	0.000	4000	3981	19	0	2	11.000	1	1
2860	8.492	7.795	2.107	0.087	0.000	4000	3981	19	0	5	11.000	1	1
2870	8.134	7.785	2.283	0.078	0.000	4000	3980	20	0	3	11.000	1	1
2880	8.152	7.786	1.957	0.096	0.000	4000	3981	19	0	0	11.000	1	1
2890	8.870	7.832	1.957	0.085	0.000	4000	3981	19	0	3	11.000	1	1
2900	8.769	7.786	4.566	0.084	0.000	4000	3981	19	0	5	11.000	1	1
2910	8.596	7.862	2.283	0.085	0.000	4000	3981	19	0	4	11.000	1	1
2920	9.460	7.874	3.044	0.074	0.000	4000	3981	19	0	2	11.000	1	1
2930	8.859	8.014	3.044	0.091	0.000	4000	3981	19	0	5	11.000	1	1
2940	8.203	8.016	1.957	0.095	0.000	4000	3981	19	0	2	11.000	1	1
2950	8.365	8.068	2.740	0.084	0.000	4000	3982	18	0	4	11.000	1	1
2960	8.057	8.084	1.522	0.075	0.000	4000	3982	18	0	2	11.000	1	1
2970	8.948	8.100	2.740	0.108	0.000	4000	3981	19	0	2	11.000	1	1
2980	8.403	8.084	2.107	0.078	0.000	4000	3982	18	0	2	11.000	1	1
2990	9.520	8.177	4.566	0.095	0.000	4000	3981	19	0	6	11.000	1	1
3000	9.569	8.177	4.566	0.107	0.000	4000	3982	18	0	0	11.000	1	1
3010	9.103	8.204	2.107	0.107	0.000	4000	3981	19	0	5	11.000	1	1
3020	9.053	8.263	1.957	0.103	0.000	4000	3980	20	0	8	11.000	1	1
3030	10.083	8.277	3.425	0.109	0.000	4000	3980	20	0	6	11.000	1	1
3040	8.639	8.290	2.107	0.076	0.000	4000	3979	21	0	5	10.000	1	1
3050	8.366	8.290	1.957	0.066	0.000	4000	3980	20	0	4	11.000	1	1
3060	9.247	8.307	3.425	0.068	0.000	4000	3981	19	0	4	11.000	1	1
3070	8.978	8.311	1.957	0.066	0.000	4000	3981	19	0	3	11.000	1	1
3080	9.007	8.337	2.491	0.059	0.000	4000	3981	19	0	4	11.000	1	1
3090	9.405	8.347	3.914	0.066	0.000	4000	3980	20	0	2	11.000	1	1
3100	8.844	8.373	2.491	0.073	0.000	4000	3980	20	0	2	11.000	1	1
3110	8.956	8.375	1.522	0.060	0.000	4000	3981	19	0	3	11.000	1	1
3120	8.768	8.533	1.712	0.062	0.000	4000	3980	20	0	4	11.000	1	1
3130	8.963	8.542	2.107	0.100	0.000	4000	3979	21	0	3	10.000	1	1
3140	10.062	8.559	3.425	0.091	0.000	4000	3979	21	0	5	10.000	1	1
3150	10.122	8.573	3.914	0.085	0.000	4000	3980	20	0	3	10.000	1	1
3160	9.780	8.582	4.566	0.084	0.000	4000	3979	21	0	4	10.000	1	1
3170	9.580	8.575	3.425	0.091	0.000	4000	3980	20	0	1	10.000	1	1
3180	9.308	8.603	2.283	0.072	0.000	4000	3980	20	0	2	10.000	1	1
3190	9.048	8.729	2.283	0.068	0.000	4000	3979	21	0	4	10.000	1	1
3200	9.100	8.703	1.826	0.069	0.000	4000	3980	20	0	1	10.000	1	1
3210	9.268	8.755	1.957	0.112	0.000	4000	3979	21	0	7	10.000	1	1
3220	9.261	8.795	2.740	0.111	0.000	4000	3980	20	0	1	10.000	1	1
3230	9.734	8.823	2.107	0.073	0.000	4000	3979	21	0	4	10.000	1	1
3240	10.277	8.832	3.425	0.064	0.000	4000	3980	20	0	7	10.000	1	1
3250	10.493	8.851	2.491	0.074	0.000	4000	3979	21	0	4	10.000	1	1
3260	9.794	8.862	2.491	0.060	0.000	4000	3980	20	0	3	10.000	1	1
3270	9.804	8.929	2.283	0.075	0.000	4000	3979	21	0	2	10.000	1	1
3280	10.271	8.947	3.425	0.069	0.000	4000	3980	20	0	7	10.000	1	1
3290	9.741	8.971	2.491	0.069	0.000	4000	3980	20	0	4	10.000	1	1
3300	10.332	8.984	3.914	0.064	0.000	4000	3980	20	0	4	10.000	1	1
3310	9.556	8.992	1.826	0.055	0.000	4000	3980	20	0	3	10.000	1	1
3320	9.427	9.010	1.522	0.067	0.000	4000	3980	20	0	3	10.000	1	1
3330	10.584	9.015	2.107	0.069	0.000	4000	3980	20	0	5	10.000	1	1
3340	9.301	9.018	3.044	0.054	0.000	4000	3980	20	0	2	10.000	1	1
3350	10.457	9.033	3.914	0.058	0.000	4000	3980	20	0	2	10.000	1	1
3360	9.706	9.062	2.740	0.054	0.000	4000	3980	20	0	4	10.000	1	1
3370	10.281	9.223	2.491	0.075	0.000	4000	3978	22	0	6	10.000	1	1
3380	9.609	9.223	2.107	0.060	0.000	4000	3980	20	0	0	10.000	1	1
3390	10.546	9.247	3.425	0.070	0.000	4000	3979	21	0	3	10.000	1	1
3400	10.127	9.247	2.107	0.083	0.000	4000	3980	20	0	4	10.000	1	1
3410	10.779	9.312	3.044	0.077	0.000	4000	3981	19	0	2	10.000	1	1
3420	9.932	9.356	1.826	0.073	0.000	4000	3981	19	0	6	10.000	1	1
3430	10.525	9.375	3.425	0.077	0.000	4000	3981	19	0	2	10.000	1	1
3440	11.315	9.411	3.425	0.084	0.000	4000	3981	19	0	2	10.000	1	1
3450	10.617	9.426	1.712	0.087	0.000	4000	3981	19	0	3	11.000	1	1
3460	9.767	9.456	1.957	0.123	0.000	4000	3979	21	0	4	10.000	1	1
3470	10.203	9.473	1.826	0.056	0.000	4000	3981	19	0	3	10.000	1	1
3480	10.691	9.485	1.957	0.083	0.000	4000	3981	19	0	1	10.000	1	1
3490	9.667	9.496	1.712	0.087	0.000	4000	3981	19	0	3	10.000	1	1
3500	10.939	9.512	3.044	0.071	0.000	4000	3980	20	0	2	10.000	1	1
3510	9.488	9.456	1.712	0.072	0.000	4000	3981	19	0	2	10.000	1	1
3520	11.029	9.544	2.491	0.115	0.000	4000	3979	21	0	6	10.000	1	1
3530	9.654	9.555	1.957	0.091	0.000	4000	3981	19	0	2	10.000	1	1
3540	11.262	9.564	4.566	0.097	0.000	4000	3981	19	0	4	10.000	1	1
3550	11.317	9.697	2.491	0.097	0.000	4000	3981	19	0	2	10.000	1	1
3560	11.840	9.707	3.044	0.099	0.000	4000	3981	19	0	0	10.000	1	1
3570	10.744	9.778	1.826	0.100	0.000	4000	3979	21	0	4	10.000	1	1
3580	9.011	9.792	1.370	0.107	0.000	4000	3981	19	0	3	10.000	1	1
3590	10.829	9.808	1.826	0.093	0.000	4000	3980	20	0	1	10.000	1	1
3600	10.590	9.810	2.283	0.095	0.000	4000	3980	20	0	3	10.000	1	1
3610	10.551	9.792	2.107	0.083	0.000	4000	3981	19	0	2	10.000	1	1
3620	10.393	9.849	1.957	0.069	0.000	4000	3980	20	0	6	10.000	1	1
3630	11.756	9.858	4.566	0.080	0.000	4000	3981	19	0	3	10.000	1	1
3640	11.119	9.858	2.740	0.069	0.000	4000	3981	19	0	1	10.000	1	1
3650	10.086	9.888	1.957	0.106	0.000	4000	3981	19	0	2	10.000	1	1
Printing tree with 25 tips

