date	meanR	varR	meanBeta	varBeta	meanSigma	varSigma	covBetaSigma
0.027397	-0.997032	0.000987	-0.663035	0.000987	-1.719928	0.000000	0.000000
0.054795	-1.052006	0.001342	-0.668071	0.001342	-1.769866	0.000000	0.000000
0.082192	-1.084308	0.001711	-0.671012	0.001711	-1.799226	0.000000	-0.000000
0.109589	-1.100447	0.001803	-0.668335	0.001803	-1.818043	0.000000	0.000000
0.136986	-1.123104	0.001951	-0.666805	0.001951	-1.842230	0.000000	0.000000
0.164384	-1.144171	0.001619	-0.665933	0.001619	-1.864169	0.000000	-0.000000
0.191781	-1.178045	0.001515	-0.674837	0.001515	-1.889139	0.000000	0.000000
0.219178	-1.195583	0.001604	-0.667902	0.001604	-1.913611	0.000000	0.000000
0.246575	-1.224373	0.001786	-0.672198	0.001786	-1.938105	0.000000	0.000000
0.273973	-1.239906	0.001628	-0.672160	0.001628	-1.953677	0.000000	-0.000000
0.301370	-1.265935	0.001564	-0.675009	0.001564	-1.976856	0.000000	-0.000000
0.328767	-1.288054	0.001398	-0.671395	0.001398	-2.002590	0.000000	0.000000
0.356164	-1.317522	0.001454	-0.673490	0.001454	-2.029963	0.000000	-0.000000
0.383562	-1.342299	0.001580	-0.668048	0.001580	-2.060182	0.000000	0.000000
0.410959	-1.366097	0.001812	-0.663363	0.001812	-2.088665	0.000000	-0.000000
0.438356	-1.399087	0.001910	-0.660150	0.001910	-2.124868	0.000000	-0.000000
0.465753	-1.439995	0.001815	-0.670190	0.001815	-2.155735	0.000000	-0.000000
0.493151	-1.459440	0.001681	-0.666040	0.001681	-2.179331	0.000000	0.000000
0.520548	-1.490798	0.001769	-0.668474	0.001769	-2.208255	0.000000	-0.000000
0.547945	-1.522877	0.001660	-0.672600	0.001660	-2.236208	0.000000	0.000000
0.575342	-1.542486	0.001749	-0.667902	0.001749	-2.260514	0.000000	0.000000
0.602740	-1.572074	0.001817	-0.667744	0.001817	-2.290260	0.000000	0.000000
0.630137	-1.595553	0.001683	-0.670630	0.001683	-2.310853	0.000000	-0.000000
0.657534	-1.620908	0.001646	-0.675199	0.001646	-2.331639	0.000000	0.000000
0.684932	-1.637737	0.001582	-0.674206	0.001582	-2.349462	0.000000	-0.000000
0.712329	-1.661431	0.001715	-0.668839	0.001715	-2.378523	0.000000	0.000000
0.739726	-1.687510	0.001569	-0.671030	0.001569	-2.402411	0.000000	0.000000
0.767123	-1.710929	0.001899	-0.669100	0.001899	-2.427759	0.000000	0.000000
0.794521	-1.734374	0.001935	-0.671395	0.001935	-2.448910	0.000000	0.000000
0.821918	-1.753981	0.001958	-0.667187	0.001958	-2.472724	0.000000	-0.000000
0.849315	-1.774573	0.002087	-0.667780	0.002087	-2.492723	0.000000	0.000000
0.876712	-1.804125	0.001939	-0.666283	0.001939	-2.523772	0.000000	-0.000000
0.904110	-1.830287	0.001945	-0.667570	0.001945	-2.548647	0.000000	0.000000
0.931507	-1.864716	0.001904	-0.668109	0.001904	-2.582537	0.000000	-0.000000
0.958904	-1.887589	0.001863	-0.667014	0.001863	-2.606506	0.000000	-0.000000
0.986301	-1.909847	0.001856	-0.669100	0.001856	-2.626678	0.000000	0.000000
1.013699	-1.944840	0.001807	-0.669100	0.001807	-2.661671	0.000000	-0.000000
1.041096	-1.967513	0.001858	-0.668717	0.001858	-2.684727	0.000000	0.000000
1.068493	-1.985468	0.001980	-0.664061	0.001980	-2.707338	0.000000	0.000000
1.095890	-2.015379	0.001851	-0.670591	0.001851	-2.730718	0.000000	0.000000
1.123288	-2.035426	0.001851	-0.670591	0.001851	-2.750765	0.000000	-0.000000
1.150685	-2.067626	0.001935	-0.671395	0.001935	-2.782162	0.000000	0.000000
1.178082	-2.098649	0.001935	-0.671395	0.001935	-2.813184	0.000000	0.000000
1.205479	-2.116816	0.001799	-0.667014	0.001799	-2.835733	0.000000	0.000000
1.232877	-2.139582	0.001861	-0.669482	0.001861	-2.856030	0.000000	0.000000
1.260274	-2.165359	0.001958	-0.667187	0.001958	-2.884102	0.000000	0.000000
1.287671	-2.200534	0.001695	-0.671395	0.001695	-2.915070	0.000000	-0.000000
1.315068	-2.214717	0.001953	-0.665188	0.001953	-2.935460	0.000000	0.000000
1.342466	-2.254459	0.001935	-0.671395	0.001935	-2.968995	0.000000	0.000000
1.369863	-2.269495	0.001989	-0.668583	0.001989	-2.986842	0.000000	0.000000
1.397260	-2.284597	0.002087	-0.667780	0.002087	-3.002747	0.000000	0.000000
1.424658	-2.306411	0.001826	-0.669100	0.001826	-3.023242	0.000000	0.000000
1.452055	-2.324436	0.001763	-0.670630	0.001763	-3.039737	0.000000	0.000000
1.479452	-2.345675	0.001949	-0.668985	0.001949	-3.062620	0.000000	-0.000000
1.506849	-2.361334	0.001842	-0.671796	0.001842	-3.075468	0.000000	0.000000
1.534247	-2.362061	0.002106	-0.663363	0.002106	-3.084629	0.000000	-0.000000
1.561644	-2.412692	0.001858	-0.668271	0.001858	-3.130351	0.000000	-0.000000
1.589041	-2.426453	0.001858	-0.668271	0.001858	-3.144113	0.000000	-0.000000
1.616438	-2.428539	0.001900	-0.665476	0.001900	-3.148994	0.000000	0.000000
1.643836	-2.446430	0.001998	-0.664631	0.001998	-3.167730	0.000000	0.000000
1.671233	-2.473736	0.001761	-0.668013	0.001761	-3.191654	0.000000	-0.000000
1.698630	-2.488378	0.001858	-0.668271	0.001858	-3.206037	0.000000	-0.000000
1.726027	-2.510289	0.001946	-0.665054	0.001946	-3.231165	0.000000	-0.000000
1.753425	-2.525929	0.001858	-0.668271	0.001858	-3.243589	0.000000	-0.000000
1.780822	-2.534762	0.001913	-0.663764	0.001913	-3.256928	0.000000	-0.000000
1.808219	-2.554392	0.001858	-0.668271	0.001858	-3.272051	0.000000	-0.000000
1.835616	-2.578297	0.001858	-0.668271	0.001858	-3.295957	0.000000	0.000000
1.863014	-2.578297	0.001858	-0.668271	0.001858	-3.295957	0.000000	0.000000
1.890411	-2.589431	0.001851	-0.665371	0.001851	-3.309991	0.000000	0.000000
1.917808	-2.622260	0.001858	-0.668271	0.001858	-3.339920	0.000000	0.000000
1.945205	-2.630723	0.001858	-0.668271	0.001858	-3.348382	0.000000	0.000000
1.972603	-2.651949	0.001828	-0.666322	0.001828	-3.371557	0.000000	0.000000
2.000000	-2.673715	0.001768	-0.667590	0.001768	-3.392056	0.000000	0.000000
2.027397	-2.683043	0.001814	-0.664510	0.001814	-3.404463	0.000000	-0.000000
2.054795	-2.716448	0.001858	-0.668271	0.001858	-3.434107	0.000000	-0.000000
2.082192	-2.714204	0.001766	-0.668858	0.001766	-3.431277	0.000000	0.000000
2.109589	-2.728870	0.001858	-0.668271	0.001858	-3.446530	0.000000	0.000000
2.136986	-2.746237	0.001690	-0.669387	0.001690	-3.462780	0.000000	0.000000
2.164384	-2.770355	0.001700	-0.667780	0.001700	-3.488505	0.000000	0.000000
2.191781	-2.778043	0.001861	-0.665899	0.001861	-3.498074	0.000000	0.000000
2.219178	-2.797586	0.001766	-0.668858	0.001766	-3.514658	0.000000	-0.000000
2.246575	-2.832026	0.001778	-0.669281	0.001778	-3.548675	0.000000	0.000000
2.273973	-2.851744	0.001858	-0.668271	0.001858	-3.569404	0.000000	-0.000000
2.301370	-2.873589	0.001760	-0.668435	0.001760	-3.591084	0.000000	0.000000
2.328767	-2.918300	0.001766	-0.668858	0.001766	-3.635372	0.000000	0.000000
2.356164	-2.936510	0.001858	-0.668271	0.001858	-3.654169	0.000000	-0.000000
2.383562	-2.928847	0.001858	-0.668271	0.001858	-3.646506	0.000000	0.000000
2.410959	-2.939571	0.001745	-0.666977	0.001745	-3.658525	0.000000	-0.000000
2.438356	-2.974032	0.001828	-0.666322	0.001828	-3.693641	0.000000	0.000000
2.465753	-2.987803	0.001858	-0.668271	0.001858	-3.705462	0.000000	-0.000000
2.493151	-2.987803	0.001858	-0.668271	0.001858	-3.705462	0.000000	-0.000000
2.520548	-2.991430	0.001768	-0.667590	0.001768	-3.709770	0.000000	0.000000
2.547945	-3.024921	0.001858	-0.668271	0.001858	-3.742580	0.000000	0.000000
2.575342	-3.037606	0.001858	-0.668271	0.001858	-3.755265	0.000000	-0.000000
2.602740	-3.063885	0.001760	-0.668435	0.001760	-3.781380	0.000000	-0.000000
2.630137	-3.076656	0.001858	-0.668271	0.001858	-3.794316	0.000000	0.000000
2.657534	-3.076226	0.001768	-0.667590	0.001768	-3.794567	0.000000	-0.000000
2.684932	-3.087220	0.001849	-0.664969	0.001849	-3.808181	0.000000	-0.000000
2.712329	-3.108119	0.001858	-0.668271	0.001858	-3.825779	0.000000	0.000000
2.739726	-3.103564	0.001858	-0.668271	0.001858	-3.821223	0.000000	-0.000000
2.767123	-3.105576	0.001900	-0.665476	0.001900	-3.826030	0.000000	0.000000
2.794521	-3.108119	0.001858	-0.668271	0.001858	-3.825779	0.000000	0.000000
2.821918	-3.118912	0.001709	-0.669387	0.001709	-3.835456	0.000000	0.000000
2.849315	-3.135899	0.001858	-0.668271	0.001858	-3.853558	0.000000	-0.000000
2.876712	-3.153159	0.001828	-0.666322	0.001828	-3.872767	0.000000	0.000000
2.904110	-3.171638	0.001900	-0.665476	0.001900	-3.892092	0.000000	0.000000
2.931507	-3.174181	0.001858	-0.668271	0.001858	-3.891841	0.000000	0.000000
2.958904	-3.184824	0.001766	-0.668858	0.001766	-3.901896	0.000000	0.000000
2.986301	-3.164472	0.001858	-0.668271	0.001858	-3.882132	0.000000	-0.000000
3.013699	-3.164472	0.001858	-0.668271	0.001858	-3.882132	0.000000	-0.000000
3.041096	-3.181944	0.001791	-0.671395	0.001791	-3.896479	0.000000	0.000000
3.068493	-3.211797	0.001791	-0.671395	0.001791	-3.926332	0.000000	-0.000000
3.095890	-3.208032	0.001966	-0.667379	0.001966	-3.926583	0.000000	0.000000
3.123288	-3.242568	0.001791	-0.671395	0.001791	-3.957104	0.000000	0.000000
3.150685	-3.242568	0.001791	-0.671395	0.001791	-3.957104	0.000000	-0.000000
3.178082	-3.247790	0.001791	-0.671395	0.001791	-3.962326	0.000000	0.000000
3.205479	-3.258317	0.001791	-0.671395	0.001791	-3.972852	0.000000	-0.000000
3.232877	-3.246256	0.001746	-0.669610	0.001746	-3.962577	0.000000	-0.000000
3.260274	-3.247790	0.001791	-0.671395	0.001791	-3.962326	0.000000	0.000000
3.287671	-3.258317	0.001791	-0.671395	0.001791	-3.972852	0.000000	0.000000
3.315068	-3.258317	0.001791	-0.671395	0.001791	-3.972852	0.000000	0.000000
3.342466	-3.266975	0.001776	-0.669164	0.001776	-3.983742	0.000000	0.000000
3.369863	-3.257229	0.001722	-0.670056	0.001722	-3.973104	0.000000	-0.000000
3.397260	-3.254998	0.001908	-0.667825	0.001908	-3.973104	0.000000	-0.000000
3.424658	-3.247790	0.001791	-0.671395	0.001791	-3.962326	0.000000	-0.000000
3.452055	-3.232206	0.001791	-0.671395	0.001791	-3.946741	0.000000	0.000000
3.479452	-3.237625	0.001692	-0.671395	0.001692	-3.952160	0.000000	0.000000
3.506849	-3.247790	0.001791	-0.671395	0.001791	-3.962326	0.000000	-0.000000
3.534247	-3.237374	0.001791	-0.671395	0.001791	-3.951909	0.000000	-0.000000
3.561644	-3.253323	0.001902	-0.665899	0.001902	-3.973355	0.000000	0.000000
3.589041	-3.256783	0.001746	-0.669610	0.001746	-3.973104	0.000000	-0.000000
3.616438	-3.265190	0.001966	-0.667379	0.001966	-3.983742	0.000000	0.000000
3.643836	-3.263622	0.001791	-0.671395	0.001791	-3.978157	0.000000	0.000000
3.671233	-3.248041	0.001692	-0.671395	0.001692	-3.962577	0.000000	0.000000
3.698630	-3.253040	0.001791	-0.671395	0.001791	-3.967575	0.000000	-0.000000
3.726027	-3.268955	0.001791	-0.671395	0.001791	-3.983491	0.000000	-0.000000
3.753425	-3.279708	0.001791	-0.671395	0.001791	-3.994244	0.000000	0.000000
3.780822	-3.307107	0.001791	-0.671395	0.001791	-4.021643	0.000000	0.000000
3.808219	-3.280851	0.001705	-0.672287	0.001705	-3.994495	0.000000	0.000000
3.835616	-3.279708	0.001791	-0.671395	0.001791	-3.994244	0.000000	0.000000
3.863014	-3.283594	0.001746	-0.669610	0.001746	-3.999915	0.000000	0.000000
3.890411	-3.303788	0.001908	-0.667825	0.001908	-4.021894	0.000000	0.000000
3.917808	-3.307107	0.001791	-0.671395	0.001791	-4.021643	0.000000	-0.000000
3.945205	-3.290578	0.001791	-0.671395	0.001791	-4.005113	0.000000	-0.000000
3.972603	-3.287705	0.001858	-0.668271	0.001858	-4.005364	0.000000	-0.000000
4.000000	-3.298694	0.001858	-0.668271	0.001858	-4.016353	0.000000	-0.000000
4.027397	-3.271445	0.001858	-0.668271	0.001858	-3.989104	0.000000	0.000000
4.054795	-3.276835	0.001858	-0.668271	0.001858	-3.994495	0.000000	-0.000000
4.082192	-3.287705	0.001858	-0.668271	0.001858	-4.005364	0.000000	-0.000000
4.109589	-3.287705	0.001858	-0.668271	0.001858	-4.005364	0.000000	-0.000000
4.136986	-3.332405	0.001858	-0.668271	0.001858	-4.050065	0.000000	-0.000000
4.164384	-3.343900	0.001858	-0.668271	0.001858	-4.061559	0.000000	0.000000
4.191781	-3.335592	0.001900	-0.665476	0.001900	-4.056046	0.000000	0.000000
4.219178	-3.367292	0.001858	-0.668271	0.001858	-4.084952	0.000000	-0.000000
4.246575	-3.342305	0.001718	-0.666174	0.001718	-4.062061	0.000000	-0.000000
4.273973	-3.385203	0.001858	-0.668271	0.001858	-4.102863	0.000000	0.000000
4.301370	-3.379197	0.001858	-0.668271	0.001858	-4.096857	0.000000	0.000000
4.328767	-3.402588	0.001782	-0.667167	0.001782	-4.121351	0.000000	0.000000
4.356164	-3.390052	0.001777	-0.666575	0.001777	-4.109407	0.000000	-0.000000
4.383562	-3.428287	0.001858	-0.668271	0.001858	-4.145946	0.000000	0.000000
4.410959	-3.448596	0.001778	-0.669281	0.001778	-4.165246	0.000000	-0.000000
4.438356	-3.434933	0.002055	-0.661756	0.002055	-4.159107	0.000000	0.000000
4.465753	-3.454182	0.001760	-0.668435	0.001760	-4.171677	0.000000	0.000000
4.493151	-3.443331	0.001913	-0.663764	0.001913	-4.165497	0.000000	0.000000
4.520548	-3.479911	0.001858	-0.668271	0.001858	-4.197571	0.000000	0.000000
4.547945	-3.499979	0.001858	-0.668271	0.001858	-4.217638	0.000000	0.000000
4.575342	-3.499979	0.001858	-0.668271	0.001858	-4.217638	0.000000	0.000000
4.602740	-3.527378	0.001858	-0.668271	0.001858	-4.245037	0.000000	0.000000
4.630137	-3.520457	0.001858	-0.668271	0.001858	-4.238117	0.000000	0.000000
4.657534	-3.534347	0.001858	-0.668271	0.001858	-4.252006	0.000000	0.000000
4.684932	-3.541780	0.001760	-0.668435	0.001760	-4.259275	0.000000	-0.000000
4.712329	-3.542202	0.001766	-0.668858	0.001766	-4.259275	0.000000	-0.000000
4.739726	-3.527378	0.001858	-0.668271	0.001858	-4.245037	0.000000	0.000000
4.767123	-3.507975	0.001678	-0.668985	0.001678	-4.224920	0.000000	0.000000
4.794521	-3.527378	0.001858	-0.668271	0.001858	-4.245037	0.000000	0.000000
4.821918	-3.548431	0.001858	-0.668271	0.001858	-4.266091	0.000000	0.000000
4.849315	-3.541364	0.001858	-0.668271	0.001858	-4.259023	0.000000	-0.000000
4.876712	-3.534347	0.001858	-0.668271	0.001858	-4.252006	0.000000	0.000000
4.904110	-3.511886	0.001828	-0.666322	0.001828	-4.231495	0.000000	-0.000000
4.931507	-3.506759	0.001858	-0.668271	0.001858	-4.224418	0.000000	0.000000
4.958904	-3.527378	0.001858	-0.668271	0.001858	-4.245037	0.000000	0.000000
4.986301	-3.534339	0.001761	-0.668013	0.001761	-4.252257	0.000000	0.000000
5.013699	-3.527378	0.001858	-0.668271	0.001858	-4.245037	0.000000	0.000000
5.041096	-3.496590	0.001998	-0.664631	0.001998	-4.217889	0.000000	0.000000
5.068493	-3.513585	0.001858	-0.668271	0.001858	-4.231244	0.000000	-0.000000
5.095890	-3.511041	0.001900	-0.665476	0.001900	-4.231495	0.000000	-0.000000
5.123288	-3.511342	0.001689	-0.665275	0.001689	-4.231998	0.000000	-0.000000
5.150685	-3.555549	0.001858	-0.668271	0.001858	-4.273208	0.000000	0.000000
5.178082	-3.548431	0.001858	-0.668271	0.001858	-4.266091	0.000000	0.000000
5.205479	-3.569938	0.001858	-0.668271	0.001858	-4.287597	0.000000	0.000000
5.232877	-3.548431	0.001858	-0.668271	0.001858	-4.266091	0.000000	0.000000
5.260274	-3.541364	0.001858	-0.668271	0.001858	-4.259023	0.000000	-0.000000
5.287671	-3.527378	0.001858	-0.668271	0.001858	-4.245037	0.000000	0.000000
5.315068	-3.499979	0.001858	-0.668271	0.001858	-4.217638	0.000000	0.000000
5.342466	-3.482953	0.001954	-0.664166	0.001954	-4.204718	0.000000	0.000000
5.369863	-3.474702	0.002006	-0.662559	0.002006	-4.198073	0.000000	0.000000
5.397260	-3.493565	0.002109	-0.661354	0.002109	-4.218141	0.000000	0.000000
5.424658	-3.476099	0.002057	-0.664208	0.002057	-4.197822	0.000000	-0.000000
5.452055	-3.489433	0.002057	-0.664208	0.002057	-4.211155	0.000000	0.000000
5.479452	-3.476099	0.002057	-0.664208	0.002057	-4.197822	0.000000	-0.000000
5.506849	-3.469499	0.002057	-0.664208	0.002057	-4.191221	0.000000	0.000000
5.534247	-3.489433	0.002057	-0.664208	0.002057	-4.211155	0.000000	0.000000
5.561644	-3.509773	0.002057	-0.664208	0.002057	-4.231495	0.000000	-0.000000
5.589041	-3.522458	0.001892	-0.662598	0.001892	-4.245791	0.000000	0.000000
5.616438	-3.516646	0.002057	-0.664208	0.002057	-4.238368	0.000000	0.000000
5.643836	-3.516646	0.002057	-0.664208	0.002057	-4.238368	0.000000	0.000000
5.671233	-3.516646	0.002057	-0.664208	0.002057	-4.238368	0.000000	0.000000
5.698630	-3.502947	0.002057	-0.664208	0.002057	-4.224669	0.000000	0.000000
5.726027	-3.509773	0.002057	-0.664208	0.002057	-4.231495	0.000000	-0.000000
5.753425	-3.509773	0.002057	-0.664208	0.002057	-4.231495	0.000000	-0.000000
5.780822	-3.523566	0.002057	-0.664208	0.002057	-4.245288	0.000000	0.000000
5.808219	-3.507974	0.002034	-0.662158	0.002034	-4.231746	0.000000	-0.000000
5.835616	-3.531145	0.001957	-0.664567	0.001957	-4.252508	0.000000	0.000000
5.863014	-3.544619	0.002057	-0.664208	0.002057	-4.266342	0.000000	0.000000
5.890411	-3.544619	0.002057	-0.664208	0.002057	-4.266342	0.000000	0.000000
5.917808	-3.558905	0.002057	-0.664208	0.002057	-4.280628	0.000000	0.000000
5.945205	-3.549536	0.002068	-0.661756	0.002068	-4.273710	0.000000	0.000000
5.972603	-3.551737	0.002057	-0.664208	0.002057	-4.273459	0.000000	0.000000
6.000000	-3.530535	0.002057	-0.664208	0.002057	-4.252257	0.000000	0.000000
6.027397	-3.530342	0.001958	-0.663764	0.001958	-4.252508	0.000000	0.000000
6.054795	-3.523566	0.002057	-0.664208	0.002057	-4.245288	0.000000	0.000000
6.082192	-3.502947	0.002057	-0.664208	0.002057	-4.224669	0.000000	0.000000
6.109589	-3.511342	0.001886	-0.665275	0.001886	-4.231998	0.000000	-0.000000
6.136986	-3.537552	0.002057	-0.664208	0.002057	-4.259275	0.000000	-0.000000
6.164384	-3.551737	0.002057	-0.664208	0.002057	-4.273459	0.000000	0.000000
6.191781	-3.573398	0.002057	-0.664208	0.002057	-4.295121	0.000000	0.000000
6.219178	-3.563122	0.002155	-0.660953	0.002155	-4.288099	0.000000	0.000000
6.246575	-3.588105	0.002057	-0.664208	0.002057	-4.309827	0.000000	0.000000
6.273973	-3.566126	0.002057	-0.664208	0.002057	-4.287848	0.000000	-0.000000
6.301370	-3.558905	0.002057	-0.664208	0.002057	-4.280628	0.000000	0.000000
6.328767	-3.558905	0.002057	-0.664208	0.002057	-4.280628	0.000000	0.000000
6.356164	-3.580724	0.002057	-0.664208	0.002057	-4.302447	0.000000	-0.000000
6.383562	-3.558905	0.002057	-0.664208	0.002057	-4.280628	0.000000	0.000000
6.410959	-3.595539	0.002057	-0.664208	0.002057	-4.317262	0.000000	0.000000
6.438356	-3.585502	0.002109	-0.661354	0.002109	-4.310078	0.000000	-0.000000
6.465753	-3.595539	0.002057	-0.664208	0.002057	-4.317262	0.000000	0.000000
6.493151	-3.595539	0.002057	-0.664208	0.002057	-4.317262	0.000000	0.000000
6.520548	-3.580724	0.002057	-0.664208	0.002057	-4.302447	0.000000	-0.000000
6.547945	-3.566126	0.002057	-0.664208	0.002057	-4.287848	0.000000	-0.000000
6.575342	-3.557797	0.002039	-0.662598	0.002039	-4.281130	0.000000	-0.000000
6.602740	-3.603030	0.002057	-0.664208	0.002057	-4.324753	0.000000	0.000000
6.630137	-3.570394	0.002155	-0.660953	0.002155	-4.295372	0.000000	0.000000
6.657534	-3.578925	0.002034	-0.662158	0.002034	-4.302698	0.000000	-0.000000
6.684932	-3.566126	0.002057	-0.664208	0.002057	-4.287848	0.000000	-0.000000
6.712329	-3.588105	0.002057	-0.664208	0.002057	-4.309827	0.000000	0.000000
6.739726	-3.603030	0.002057	-0.664208	0.002057	-4.324753	0.000000	0.000000
6.767123	-3.551737	0.002057	-0.664208	0.002057	-4.273459	0.000000	0.000000
6.794521	-3.544619	0.002057	-0.664208	0.002057	-4.266342	0.000000	0.000000
6.821918	-3.571599	0.002034	-0.662158	0.002034	-4.295372	0.000000	0.000000
6.849315	-3.573398	0.002057	-0.664208	0.002057	-4.295121	0.000000	0.000000
6.876712	-3.558905	0.002057	-0.664208	0.002057	-4.280628	0.000000	0.000000
6.904110	-3.570394	0.002155	-0.660953	0.002155	-4.295372	0.000000	0.000000
6.931507	-3.580724	0.002057	-0.664208	0.002057	-4.302447	0.000000	-0.000000
6.958904	-3.578442	0.001966	-0.661172	0.001966	-4.303201	0.000000	-0.000000
6.986301	-3.603030	0.002057	-0.664208	0.002057	-4.324753	0.000000	0.000000
7.013699	-3.580724	0.002057	-0.664208	0.002057	-4.302447	0.000000	-0.000000
7.041096	-3.595539	0.002057	-0.664208	0.002057	-4.317262	0.000000	0.000000
7.068493	-3.530535	0.002057	-0.664208	0.002057	-4.252257	0.000000	0.000000
7.095890	-3.520184	0.002323	-0.660826	0.002323	-4.245288	0.000000	0.000000
7.123288	-3.527575	0.002267	-0.661249	0.002267	-4.252257	0.000000	0.000000
7.150685	-3.544861	0.002167	-0.664701	0.002167	-4.266091	0.000000	0.000000
7.178082	-3.580966	0.002167	-0.664701	0.002167	-4.302196	0.000000	-0.000000
7.205479	-3.607288	0.002043	-0.668717	0.002043	-4.324501	0.000000	0.000000
7.232877	-3.636471	0.002141	-0.667615	0.002141	-4.354787	0.000000	0.000000
7.260274	-3.621087	0.002141	-0.667615	0.002141	-4.339402	0.000000	-0.000000
7.287671	-3.619763	0.002065	-0.666040	0.002065	-4.339653	0.000000	0.000000
7.315068	-3.644254	0.002141	-0.667615	0.002141	-4.362569	0.000000	-0.000000
7.342466	-3.684100	0.002141	-0.667615	0.002141	-4.402415	0.000000	-0.000000
7.369863	-3.636471	0.002141	-0.667615	0.002141	-4.354787	0.000000	0.000000
7.397260	-3.652097	0.002141	-0.667615	0.002141	-4.370412	0.000000	-0.000000
7.424658	-3.641145	0.002214	-0.664255	0.002214	-4.362820	0.000000	-0.000000
7.452055	-3.644254	0.002141	-0.667615	0.002141	-4.362569	0.000000	-0.000000
7.479452	-3.636471	0.002141	-0.667615	0.002141	-4.354787	0.000000	0.000000
7.506849	-3.643822	0.002030	-0.666932	0.002030	-4.362820	0.000000	-0.000000
7.534247	-3.636040	0.002030	-0.666932	0.002030	-4.355038	0.000000	0.000000
7.561644	-3.625845	0.002057	-0.664208	0.002057	-4.347567	0.000000	-0.000000
7.589041	-3.657097	0.002057	-0.664208	0.002057	-4.378820	0.000000	-0.000000
7.616438	-3.657097	0.002057	-0.664208	0.002057	-4.378820	0.000000	-0.000000
7.643836	-3.641349	0.002057	-0.664208	0.002057	-4.363071	0.000000	0.000000
7.671233	-3.649192	0.002057	-0.664208	0.002057	-4.370915	0.000000	0.000000
7.698630	-3.637944	0.002208	-0.660551	0.002208	-4.363323	0.000000	-0.000000
7.726027	-3.649192	0.002057	-0.664208	0.002057	-4.370915	0.000000	0.000000
7.753425	-3.632470	0.002158	-0.663363	0.002158	-4.355038	0.000000	0.000000
7.780822	-3.595539	0.002057	-0.664208	0.002057	-4.317262	0.000000	0.000000
7.808219	-3.603030	0.002057	-0.664208	0.002057	-4.324753	0.000000	0.000000
7.835616	-3.603030	0.002057	-0.664208	0.002057	-4.324753	0.000000	0.000000
7.863014	-3.588313	0.001954	-0.664166	0.001954	-4.310078	0.000000	-0.000000
7.890411	-3.573398	0.002057	-0.664208	0.002057	-4.295121	0.000000	0.000000
7.917808	-3.573398	0.002057	-0.664208	0.002057	-4.295121	0.000000	0.000000
7.945205	-3.573398	0.002057	-0.664208	0.002057	-4.295121	0.000000	0.000000
7.972603	-3.595539	0.002057	-0.664208	0.002057	-4.317262	0.000000	0.000000
8.000000	-3.603030	0.002057	-0.664208	0.002057	-4.324753	0.000000	0.000000
8.027397	-3.625845	0.002057	-0.664208	0.002057	-4.347567	0.000000	-0.000000
8.054795	-3.618182	0.002057	-0.664208	0.002057	-4.339904	0.000000	0.000000
8.082192	-3.629211	0.001923	-0.667825	0.001923	-4.347316	0.000000	0.000000
8.109589	-3.636933	0.001923	-0.667825	0.001923	-4.355038	0.000000	0.000000
8.136986	-3.619873	0.001888	-0.665899	0.001888	-4.339904	0.000000	0.000000
8.164384	-3.636933	0.001923	-0.667825	0.001923	-4.355038	0.000000	0.000000
8.191781	-3.634412	0.001960	-0.665054	0.001960	-4.355289	0.000000	0.000000
8.219178	-3.598905	0.001923	-0.667825	0.001923	-4.317011	0.000000	0.000000
8.246575	-3.596385	0.001960	-0.665054	0.001960	-4.317262	0.000000	0.000000
8.273973	-3.607573	0.002155	-0.660953	0.002155	-4.332551	0.000000	-0.000000
8.301370	-3.616784	0.002006	-0.662559	0.002006	-4.340156	0.000000	0.000000
8.328767	-3.631311	0.002058	-0.661450	0.002058	-4.355792	0.000000	0.000000
8.356164	-3.624046	0.002034	-0.662158	0.002034	-4.347818	0.000000	0.000000
8.383562	-3.641349	0.002057	-0.664208	0.002057	-4.363071	0.000000	0.000000
8.410959	-3.641349	0.002057	-0.664208	0.002057	-4.363071	0.000000	0.000000
8.438356	-3.657097	0.002057	-0.664208	0.002057	-4.378820	0.000000	-0.000000
8.465753	-3.616784	0.002006	-0.662559	0.002006	-4.340156	0.000000	0.000000
8.493151	-3.615580	0.002109	-0.661354	0.002109	-4.340156	0.000000	0.000000
8.520548	-3.633567	0.002057	-0.664208	0.002057	-4.355289	0.000000	0.000000
8.547945	-3.641960	0.001957	-0.664567	0.001957	-4.363323	0.000000	-0.000000
8.575342	-3.607175	0.002160	-0.660303	0.002160	-4.332802	0.000000	-0.000000
8.602740	-3.629017	0.002179	-0.659155	0.002179	-4.355792	0.000000	0.000000
8.630137	-3.645385	0.002267	-0.660150	0.002267	-4.371166	0.000000	0.000000
8.657534	-3.614397	0.002160	-0.659920	0.002160	-4.340407	0.000000	-0.000000
8.684932	-3.622038	0.002267	-0.660150	0.002267	-4.347818	0.000000	0.000000
8.712329	-3.629760	0.002267	-0.660150	0.002267	-4.355541	0.000000	0.000000
8.739726	-3.627104	0.002328	-0.657243	0.002328	-4.355792	0.000000	0.000000
8.767123	-3.622038	0.002267	-0.660150	0.002267	-4.347818	0.000000	0.000000
8.794521	-3.637181	0.002167	-0.659538	0.002167	-4.363574	0.000000	-0.000000
8.821918	-3.629760	0.002267	-0.660150	0.002267	-4.355541	0.000000	0.000000
8.849315	-3.638329	0.002165	-0.660685	0.002165	-4.363574	0.000000	-0.000000
8.876712	-3.693782	0.002267	-0.660150	0.002267	-4.419562	0.000000	0.000000
8.904110	-3.685955	0.002160	-0.660303	0.002160	-4.411583	0.000000	0.000000
8.931507	-3.693782	0.002267	-0.660150	0.002267	-4.419562	0.000000	0.000000
8.958904	-3.668547	0.002179	-0.659155	0.002179	-4.395323	0.000000	0.000000
8.986301	-3.693782	0.002267	-0.660150	0.002267	-4.419562	0.000000	0.000000
9.013699	-3.702080	0.002267	-0.660150	0.002267	-4.427861	0.000000	0.000000
9.041096	-3.735982	0.002267	-0.660150	0.002267	-4.461763	0.000000	0.000000
9.068493	-3.753374	0.002267	-0.660150	0.002267	-4.479154	0.000000	0.000000
9.095890	-3.744640	0.002267	-0.660150	0.002267	-4.470421	0.000000	0.000000
9.123288	-3.744640	0.002267	-0.660150	0.002267	-4.470421	0.000000	0.000000
9.150685	-3.744640	0.002267	-0.660150	0.002267	-4.470421	0.000000	0.000000
9.178082	-3.753374	0.002267	-0.660150	0.002267	-4.479154	0.000000	0.000000
9.205479	-3.753374	0.002267	-0.660150	0.002267	-4.479154	0.000000	0.000000
9.232877	-3.764074	0.002082	-0.661537	0.002082	-4.488468	0.000000	-0.000000
9.260274	-3.744640	0.002267	-0.660150	0.002267	-4.470421	0.000000	0.000000
9.287671	-3.726273	0.002197	-0.658773	0.002197	-4.453430	0.000000	0.000000
9.315068	-3.744640	0.002267	-0.660150	0.002267	-4.470421	0.000000	0.000000
9.342466	-3.729514	0.002274	-0.662517	0.002274	-4.452928	0.000000	0.000000
9.369863	-3.782158	0.002274	-0.662517	0.002274	-4.505571	0.000000	0.000000
9.397260	-3.782158	0.002274	-0.662517	0.002274	-4.505571	0.000000	0.000000
9.424658	-3.755490	0.002274	-0.662517	0.002274	-4.478903	0.000000	-0.000000
9.452055	-3.755490	0.002274	-0.662517	0.002274	-4.478903	0.000000	-0.000000
9.479452	-3.738299	0.002097	-0.662215	0.002097	-4.462014	0.000000	0.000000
9.506849	-3.782158	0.002274	-0.662517	0.002274	-4.505571	0.000000	0.000000
9.534247	-3.755490	0.002274	-0.662517	0.002274	-4.478903	0.000000	-0.000000
9.561644	-3.755490	0.002274	-0.662517	0.002274	-4.478903	0.000000	-0.000000
9.589041	-3.739195	0.002174	-0.663363	0.002174	-4.461763	0.000000	0.000000
9.616438	-3.746756	0.002274	-0.662517	0.002274	-4.470170	0.000000	0.000000
9.643836	-3.752631	0.002351	-0.659155	0.002351	-4.479406	0.000000	-0.000000
9.671233	-3.764300	0.002274	-0.662517	0.002274	-4.487714	0.000000	0.000000
9.698630	-3.791208	0.002274	-0.662517	0.002274	-4.514621	0.000000	0.000000
9.726027	-3.791208	0.002274	-0.662517	0.002274	-4.514621	0.000000	0.000000
9.753425	-3.755490	0.002274	-0.662517	0.002274	-4.478903	0.000000	-0.000000
9.780822	-3.766031	0.002086	-0.663745	0.002086	-4.488216	0.000000	0.000000
9.808219	-3.800340	0.002274	-0.662517	0.002274	-4.523754	0.000000	0.000000
9.835616	-3.760578	0.002461	-0.658543	0.002461	-4.487965	0.000000	0.000000
9.863014	-3.704892	0.002164	-0.662961	0.002164	-4.427861	0.000000	0.000000
9.890411	-3.704197	0.002274	-0.662517	0.002274	-4.427610	0.000000	-0.000000
9.917808	-3.718084	0.002352	-0.659346	0.002352	-4.444668	0.000000	-0.000000
9.945205	-3.729514	0.002274	-0.662517	0.002274	-4.452928	0.000000	0.000000
9.972603	-3.695898	0.002274	-0.662517	0.002274	-4.419311	0.000000	0.000000
10.000000	-3.704197	0.002274	-0.662517	0.002274	-4.427610	0.000000	-0.000000
