betas	S/N	R0.490880	0.013340	0.026183
0.502852	0.013340	0.026822
0.519270	0.013340	0.027698
0.490880	0.013340	0.026183
0.536225	0.013340	0.028602
0.475359	0.013340	0.025355
0.515116	0.013340	0.027476
0.475359	0.013340	0.025355
0.523458	0.013340	0.027921
0.544909	0.013340	0.029065
0.494839	0.013340	0.026394
0.479193	0.013340	0.025560
0.523458	0.013340	0.027921
0.510995	0.013340	0.027256
0.510995	0.013340	0.027256
0.486953	0.013340	0.025974
0.498829	0.013340	0.026607
0.506907	0.013340	0.027038
0.506907	0.013340	0.027038
0.523458	0.013340	0.027921
0.506907	0.013340	0.027038
0.515116	0.013340	0.027476
0.544909	0.013340	0.029065
0.506907	0.013340	0.027038
0.536225	0.013340	0.028602
0.502852	0.013340	0.026822
0.523458	0.013340	0.027921
0.527680	0.013340	0.028146
0.519270	0.013340	0.027698
0.502852	0.013340	0.026822
0.536225	0.013340	0.028602
0.486953	0.013340	0.025974
0.498829	0.013340	0.026607
0.540549	0.013340	0.028833
0.498829	0.013340	0.026607
0.536225	0.013340	0.028602
0.531935	0.013340	0.028373
0.494839	0.013340	0.026394
0.531935	0.013340	0.028373
0.506907	0.013340	0.027038
0.527680	0.013340	0.028146
0.527680	0.013340	0.028146
0.510995	0.013340	0.027256
0.544909	0.013340	0.029065
0.519270	0.013340	0.027698
0.494839	0.013340	0.026394
0.498829	0.013340	0.026607
0.531935	0.013340	0.028373
0.486953	0.013340	0.025974
0.506907	0.013340	0.027038
0.490880	0.013340	0.026183
0.553733	0.013340	0.029536
0.527680	0.013340	0.028146
0.506907	0.013340	0.027038
0.519270	0.013340	0.027698
0.553733	0.013340	0.029536
0.544909	0.013340	0.029065
0.506907	0.013340	0.027038
0.515116	0.013340	0.027476
0.515116	0.013340	0.027476
0.536225	0.013340	0.028602
0.515116	0.013340	0.027476
0.502852	0.013340	0.026822
0.515116	0.013340	0.027476
0.553733	0.013340	0.029536
0.510995	0.013340	0.027256
0.486953	0.013340	0.025974
0.531935	0.013340	0.028373
0.479193	0.013340	0.025560
0.536225	0.013340	0.028602
0.523458	0.013340	0.027921
0.531935	0.013340	0.028373
0.531935	0.013340	0.028373
0.502852	0.013340	0.026822
0.515116	0.013340	0.027476
0.515116	0.013340	0.027476
0.506907	0.013340	0.027038
0.502852	0.013340	0.026822
0.531935	0.013340	0.028373
0.527680	0.013340	0.028146
0.479193	0.013340	0.025560
0.490880	0.013340	0.026183
0.544909	0.013340	0.029065
0.479193	0.013340	0.025560
0.515116	0.013340	0.027476
0.506907	0.013340	0.027038
0.510995	0.013340	0.027256
0.479193	0.013340	0.025560
0.506907	0.013340	0.027038
0.498829	0.013340	0.026607
0.536225	0.013340	0.028602
0.502852	0.013340	0.026822
0.553733	0.013340	0.029536
0.494839	0.013340	0.026394
0.502852	0.013340	0.026822
0.475359	0.013340	0.025355
0.506907	0.013340	0.027038
0.494839	0.013340	0.026394
0.494839	0.013340	0.026394
0.540549	0.013340	0.028833
