date	diversity	tmrca	netau	serialInterval	antigenicDiversity	totalN	totalS	totalI	totalR	totalCases	tropicsDiversity	tropicsTmrca	tropicsNetau	tropicsSerialInterval	tropicsAntigenicDiversity	tropicsN	tropicsS	tropicsI	tropicsR	tropicsCases
0.0274	0.0333	0.0247	0.2740	0.00526	0.0000	4000	3951	49	0	134	0.0317	0.0247	0.2740	0.00559	0.0000	4000	3951	49	0	134
0.0548	0.0634	0.0521	0.2740	0.00690	0.0000	4000	3971	29	0	79	0.0689	0.0521	0.2740	0.00707	0.0000	4000	3971	29	0	79
0.0822	0.0962	0.0795	0.2740	0.00652	0.0000	4000	3979	21	0	46	0.1026	0.0795	0.2740	0.00800	0.0000	4000	3979	21	0	46
0.1096	0.1198	0.1068	0.2740	0.00775	0.0000	4000	3979	21	0	37	0.1356	0.1068	0.2740	0.00923	0.0000	4000	3979	21	0	37
0.1370	0.1606	0.1342	0.2740	0.00956	0.0000	4000	3979	21	0	43	0.1649	0.1342	0.2740	0.01005	0.0000	4000	3979	21	0	43
0.1644	0.2250	0.1616	0.2740	0.00647	0.0000	4000	3975	25	0	39	0.1911	0.1616	0.2740	0.00690	0.0000	4000	3975	25	0	39
0.1918	0.1900	0.1890	0.2740	0.00896	0.0000	4000	3979	21	0	39	0.1974	0.1890	0.2740	0.00833	0.0000	4000	3979	21	0	39
0.2192	0.2548	0.2164	0.2740	0.00647	0.0000	4000	3977	23	0	39	0.2724	0.2164	0.2740	0.00507	0.0000	4000	3977	23	0	39
0.2466	0.2743	0.2438	0.2740	0.00652	0.0000	4000	3980	20	0	34	0.2782	0.2425	0.2740	0.01008	0.0000	4000	3980	20	0	34
0.2740	0.3409	0.2712	0.2740	0.00830	0.0000	4000	3979	21	0	28	0.3034	0.2712	0.2740	0.00718	0.0000	4000	3979	21	0	28
0.3014	0.3378	0.2959	1.3699	0.00567	0.0000	4000	3980	20	0	34	0.3176	0.2973	1.0959	0.00740	0.0000	4000	3980	20	0	34
0.3288	0.4057	0.3260	1.9569	0.00726	0.0000	4000	3976	24	0	40	0.3762	0.3260	1.1912	0.00800	0.0000	4000	3976	24	0	40
0.3562	0.4027	0.3534	1.0537	0.00707	0.0000	4000	3977	23	0	37	0.4258	0.3534	1.4420	0.00841	0.0000	4000	3977	23	0	37
0.3836	0.4702	0.3808	1.7123	0.00819	0.0000	4000	3976	24	0	41	0.4960	0.3808	1.6116	0.00789	0.0000	4000	3976	24	0	41
0.4110	0.5438	0.4082	1.4420	0.00644	0.0000	4000	3976	24	0	40	0.5056	0.4082	1.7123	0.00490	0.0000	4000	3976	24	0	40
0.4384	0.5635	0.4356	1.6116	0.00652	0.0000	4000	3975	25	0	48	0.5135	0.4356	1.3046	0.00567	0.0000	4000	3975	25	0	48
0.4658	0.5354	0.4630	1.4420	0.01060	0.0000	4000	3980	20	0	36	0.5645	0.4630	2.1075	0.01055	0.0000	4000	3980	20	0	36
0.4932	0.6166	0.4904	1.7123	0.01230	0.0000	4000	3976	24	0	32	0.5558	0.4904	1.3046	0.01216	0.0000	4000	3976	24	0	32
0.5205	0.6361	0.5178	1.7123	0.01586	0.0000	4000	3978	22	0	33	0.5790	0.5178	1.2453	0.01501	0.0000	4000	3978	22	0	33
0.5479	0.6105	0.5452	1.6116	0.01110	0.0000	4000	3980	20	0	31	0.5685	0.5452	1.0959	0.01137	0.0000	4000	3980	20	0	31
0.5753	0.6333	0.5726	1.0147	0.00890	0.0000	4000	3977	23	0	30	0.6889	0.5726	1.6116	0.00890	0.0000	4000	3977	23	0	30
0.6027	0.7410	0.6000	1.4420	0.00967	0.0000	4000	3978	22	0	31	0.7025	0.6000	1.5221	0.00970	0.0000	4000	3978	22	0	31
0.6301	0.6792	0.6274	1.1912	0.01318	0.0000	4000	3979	21	0	20	0.6979	0.6274	1.1416	0.01373	0.0000	4000	3979	21	0	20
0.6575	0.7992	0.6521	1.6116	0.00707	0.0000	4000	3981	19	0	21	0.7498	0.6534	1.5221	0.00822	0.0000	4000	3981	19	0	21
0.6849	0.7249	0.6781	1.4420	0.01112	0.0000	4000	3980	20	0	21	0.7914	0.6822	1.4420	0.01293	0.0000	4000	3980	20	0	21
0.7123	0.8380	0.7096	2.4907	0.00745	0.0000	4000	3978	22	0	29	0.8742	0.7096	1.8265	0.01101	0.0000	4000	3978	22	0	29
0.7397	0.9607	0.7370	2.2831	0.01025	0.0000	4000	3978	22	0	25	0.9074	0.7370	1.7123	0.01140	0.0000	4000	3978	22	0	25
0.7671	0.9307	0.7644	2.4907	0.01049	0.0000	4000	3979	21	0	24	0.8563	0.7630	1.5221	0.00992	0.0000	4000	3979	21	0	24
0.7945	0.7619	0.7890	0.9447	0.01249	0.0000	4000	3981	19	0	19	0.9065	0.7863	1.6116	0.01159	0.0000	4000	3981	19	0	19
0.8219	0.8909	0.8178	1.1416	0.01060	0.0000	4000	3979	21	0	24	0.9173	0.8192	1.7123	0.01164	0.0000	4000	3979	21	0	24
0.8493	0.9227	0.8452	1.1416	0.00995	0.0000	4000	3980	20	0	17	0.9845	0.8452	1.2453	0.00833	0.0000	4000	3980	20	0	17
0.8767	1.0759	0.8740	1.4420	0.00893	0.0000	4000	3978	22	0	31	0.9965	0.8740	1.1416	0.00836	0.0000	4000	3978	22	0	31
0.9041	1.0812	0.9014	1.8265	0.01474	0.0000	4000	3979	21	0	21	1.0505	0.9014	1.5221	0.01384	0.0000	4000	3979	21	0	21
0.9315	1.2476	0.9288	2.2831	0.01271	0.0000	4000	3978	22	0	28	1.2045	0.9288	2.4907	0.00904	0.0000	4000	3978	22	0	28
0.9589	1.1886	0.9562	1.9569	0.01027	0.0000	4000	3978	22	0	21	1.2668	0.9562	2.4907	0.01463	0.0000	4000	3978	22	0	21
0.9863	1.1454	0.9836	1.3699	0.02216	0.0000	4000	3979	21	0	16	1.2435	0.9836	1.6116	0.01901	0.0000	4000	3979	21	0	16
1.0137	1.2482	1.0096	2.2831	0.01041	0.0000	4000	3979	21	0	26	1.1389	1.0096	1.3046	0.01121	0.0000	4000	3979	21	0	26
1.0411	1.3247	1.0384	2.4907	0.01233	0.0000	4000	3979	21	0	18	1.2916	1.0384	1.9569	0.01362	0.0000	4000	3979	21	0	18
1.0685	1.4577	1.0658	1.8265	0.01696	0.0000	4000	3977	23	0	22	1.4013	1.0658	2.4907	0.01748	0.0000	4000	3977	23	0	22
1.0959	1.2768	1.0877	1.4420	0.01485	0.0000	4000	3980	20	0	17	1.3497	1.0877	1.9569	0.01466	0.0000	4000	3980	20	0	17
1.1233	1.2699	1.1192	1.8265	0.01688	0.0000	4000	3980	20	0	17	1.3707	1.1192	2.1075	0.01526	0.0000	4000	3980	20	0	17
1.1507	1.2686	1.1425	1.5221	0.00992	0.0000	4000	3981	19	0	21	1.3310	1.1425	1.7123	0.01427	0.0000	4000	3981	19	0	21
1.1781	1.3903	1.1685	1.9569	0.01340	0.0000	4000	3981	19	0	20	1.3419	1.1699	1.5221	0.01526	0.0000	4000	3981	19	0	20
1.2055	1.2339	1.2027	1.7123	0.01205	0.0000	4000	3978	22	0	16	1.4859	1.2027	2.7397	0.01622	0.0000	4000	3978	22	0	16
1.2329	1.5397	1.2301	2.1075	0.02068	0.0000	4000	3979	21	0	15	1.4405	1.2301	1.8265	0.02452	0.0000	4000	3979	21	0	15
1.2603	1.5458	1.2562	1.7123	0.01082	0.0000	4000	3979	21	0	21	1.4264	1.2562	1.7123	0.00907	0.0000	4000	3979	21	0	21
1.2877	1.6557	1.2849	1.8265	0.00685	0.0000	4000	3978	22	0	21	1.5610	1.2849	1.6116	0.00666	0.0000	4000	3978	22	0	21
1.3151	1.5207	1.3123	2.2831	0.01403	0.0000	4000	3978	22	0	13	1.5213	1.3123	1.5221	0.01403	0.0000	4000	3978	22	0	13
1.3425	1.5485	1.3329	1.6116	0.01515	0.0000	4000	3981	19	0	17	1.6175	1.3329	2.7397	0.01211	0.0000	4000	3981	19	0	17
1.3699	1.6479	1.3644	1.9569	0.00784	0.0000	4000	3980	20	0	12	1.6840	1.3603	1.9569	0.00847	0.0000	4000	3980	20	0	12
1.3973	1.7125	1.3918	2.7397	0.01948	0.0000	4000	3980	20	0	12	1.4160	1.3890	1.2453	0.01773	0.0000	4000	3980	20	0	12
1.4247	1.8327	1.4219	2.2831	0.02468	0.0000	4000	3979	21	0	13	1.7437	1.4219	2.1075	0.02241	0.0000	4000	3979	21	0	13
1.4521	1.7318	1.4493	2.1075	0.01860	0.0000	4000	3979	21	0	10	1.5436	1.4493	1.3046	0.01701	0.0000	4000	3979	21	0	10
1.4795	1.5576	1.4740	1.4420	0.02510	0.0000	4000	3980	20	0	14	1.5239	1.4753	1.7123	0.02334	0.0000	4000	3980	20	0	14
1.5068	1.5635	1.5027	1.5221	0.01351	0.0000	4000	3980	20	0	12	1.5900	1.5027	1.4420	0.01499	0.0000	4000	3980	20	0	12
1.5342	1.7026	1.5274	1.4420	0.02666	0.0000	4000	3978	22	0	10	1.7828	1.5247	1.6116	0.02781	0.0000	4000	3978	22	0	10
1.5616	1.9160	1.5548	2.7397	0.01208	0.0000	4000	3982	18	0	20	1.7603	1.5548	2.4907	0.01033	0.0000	4000	3982	18	0	20
1.5890	1.8321	1.5808	1.7123	0.01134	0.0000	4000	3982	18	0	11	1.8376	1.5767	2.4907	0.01088	0.0000	4000	3982	18	0	11
1.6164	1.8450	1.6041	2.1075	0.01827	0.0000	4000	3981	19	0	7	1.7236	1.6041	1.3699	0.01745	0.0000	4000	3981	19	0	7
1.6438	1.8659	1.6329	2.1075	0.01551	0.0000	4000	3981	19	0	9	1.9529	1.6329	2.2831	0.01419	0.0000	4000	3981	19	0	9
1.6712	2.1557	1.6671	2.4907	0.02214	0.0000	4000	3981	19	0	12	1.9321	1.6658	1.6116	0.01838	0.0000	4000	3981	19	0	12
1.6986	1.8395	1.6795	2.1075	0.02101	0.0000	4000	3982	18	0	10	1.9749	1.6795	2.2831	0.02786	0.0000	4000	3982	18	0	10
1.7260	2.1865	1.7192	2.4907	0.02110	0.0000	4000	3981	19	0	14	1.9838	1.7164	1.6116	0.02496	0.0000	4000	3981	19	0	14
1.7534	1.9742	1.7466	2.2831	0.02266	0.0000	4000	3982	18	0	9	2.0873	1.7438	2.7397	0.02762	0.0000	4000	3982	18	0	9
1.7808	2.1812	1.7753	1.7123	0.03518	0.0000	4000	3980	20	0	11	2.2942	1.7753	2.2831	0.02995	0.0000	4000	3980	20	0	11
1.8082	1.9853	1.8027	1.9569	0.02814	0.0000	4000	3982	18	0	9	2.1316	1.8027	3.4247	0.02227	0.0000	4000	3982	18	0	9
1.8356	2.2963	1.8288	3.0441	0.01740	0.0000	4000	3982	18	0	12	1.9751	1.8288	1.6116	0.01504	0.0000	4000	3982	18	0	12
1.8630	2.2083	1.8534	3.9139	0.01915	0.0000	4000	3982	18	0	11	2.2625	1.8562	2.2831	0.02523	0.0000	4000	3982	18	0	11
1.8904	2.1658	1.8877	1.3699	0.02096	0.0000	4000	3980	20	0	9	1.9109	1.8877	1.3699	0.01808	0.0000	4000	3980	20	0	9
1.9178	2.0594	1.9068	1.4420	0.01888	0.0000	4000	3982	18	0	10	1.8608	1.9068	0.9785	0.01844	0.0000	4000	3982	18	0	10
1.9452	2.1000	1.9288	1.3046	0.01967	0.0000	4000	3982	18	0	9	2.2551	1.9301	1.5221	0.01499	0.0000	4000	3982	18	0	9
1.9726	2.1523	1.9616	1.4420	0.01573	0.0000	4000	3981	19	0	10	2.0934	1.9616	1.1416	0.02058	0.0000	4000	3981	19	0	10
2.0000	2.2224	1.9959	1.1912	0.01986	0.0000	4000	3981	19	0	10	2.0676	1.9959	1.3046	0.02140	0.0000	4000	3981	19	0	10
2.0274	2.4598	2.0247	2.7397	0.02748	0.0000	4000	3979	21	0	10	2.0375	2.0247	1.3046	0.02414	0.0000	4000	3979	21	0	10
2.0548	2.0434	2.0479	1.6116	0.01934	0.0000	4000	3982	18	0	7	2.3288	2.0493	2.1075	0.02238	0.0000	4000	3982	18	0	7
2.0822	2.3733	2.0753	1.8265	0.02290	0.0000	4000	3981	19	0	6	2.1735	2.0753	1.4420	0.02378	0.0000	4000	3981	19	0	6
2.1096	2.1811	2.1014	1.8265	0.02195	0.0000	4000	3982	18	0	6	2.3176	2.0973	1.8265	0.02449	0.0000	4000	3982	18	0	6
2.1370	2.5080	2.1342	1.9569	0.03740	0.0000	4000	3980	20	0	10	2.6514	2.1342	1.9569	0.03636	0.0000	4000	3980	20	0	10
2.1644	2.5301	2.1616	1.7123	0.03805	0.0000	4000	3980	20	0	9	2.4368	2.1603	1.8265	0.04334	0.0000	4000	3980	20	0	9
2.1918	2.3292	2.1822	1.4420	0.03326	0.0000	4000	3981	19	0	6	2.2250	2.1822	1.2453	0.03310	0.0000	4000	3981	19	0	6
2.2192	2.3745	2.2151	1.4420	0.02490	0.0000	4000	3981	19	0	9	2.4495	2.2151	1.9569	0.02285	0.0000	4000	3981	19	0	9
2.2466	2.4401	2.2425	1.5221	0.01241	0.0000	4000	3981	19	0	13	2.4741	2.2425	2.7397	0.01315	0.0000	4000	3981	19	0	13
2.2740	2.2505	2.2575	1.4420	0.02381	0.0000	4000	3982	18	0	7	2.4624	2.2603	2.2831	0.02411	0.0000	4000	3982	18	0	7
2.3014	2.6966	2.2959	1.9569	0.02126	0.0000	4000	3981	19	0	9	2.8706	2.2959	3.4247	0.02340	0.0000	4000	3981	19	0	9
2.3288	2.5153	2.3247	1.4420	0.02375	0.0000	4000	3981	19	0	14	2.6265	2.3247	1.9569	0.02005	0.0000	4000	3981	19	0	14
2.3562	2.3678	2.3411	1.3699	0.01948	0.0000	4000	3982	18	0	7	2.3325	2.3425	1.1912	0.02375	0.0000	4000	3982	18	0	7
2.3836	2.4136	2.3671	1.6116	0.02274	0.0000	4000	3982	18	0	3	2.5639	2.3671	1.7123	0.02611	0.0000	4000	3982	18	0	3
2.4110	2.3851	2.4082	1.6116	0.03838	0.0000	4000	3980	20	0	8	2.6355	2.4055	1.7123	0.03452	0.0000	4000	3980	20	0	8
2.4384	2.5851	2.4260	1.6116	0.03058	0.0000	4000	3981	19	0	8	2.5332	2.4274	1.4420	0.02901	0.0000	4000	3981	19	0	8
2.4658	2.2605	2.4438	1.9569	0.03027	0.0000	4000	3982	18	0	3	2.3452	2.4452	1.3699	0.02830	0.0000	4000	3982	18	0	3
2.4932	3.0318	2.4795	2.7397	0.03414	0.0000	4000	3982	18	0	4	2.4831	2.4603	1.9569	0.04419	0.0000	4000	3982	18	0	4
2.5205	2.6847	2.5110	2.4907	0.02701	0.0000	4000	3981	19	0	6	2.6732	2.5123	2.7397	0.02734	0.0000	4000	3981	19	0	6
2.5479	2.7184	2.5329	2.1075	0.03389	0.0000	4000	3982	18	0	9	2.6549	2.5370	2.4907	0.02745	0.0000	4000	3982	18	0	9
2.5753	2.9857	2.5671	2.2831	0.03071	0.0000	4000	3982	18	0	6	3.0749	2.5589	2.2831	0.02940	0.0000	4000	3982	18	0	6
2.6027	2.6220	2.5959	1.4420	0.03712	0.0000	4000	3981	19	0	8	2.8713	2.5959	1.8265	0.03904	0.0000	4000	3981	19	0	8
2.6301	2.6778	2.6082	1.7123	0.02805	0.0000	4000	3982	18	0	5	2.7412	2.6164	1.8265	0.02614	0.0000	4000	3982	18	0	5
2.6575	3.0926	2.6479	2.4907	0.02258	0.0000	4000	3981	19	0	6	2.6388	2.6479	1.3699	0.03058	0.0000	4000	3981	19	0	6
2.6849	3.1119	2.6822	3.4247	0.03956	0.0000	4000	3980	20	0	5	2.6652	2.6822	1.5221	0.03762	0.0000	4000	3980	20	0	5
2.7123	3.1431	2.7027	2.7397	0.03066	0.0000	4000	3982	18	0	5	2.7867	2.6945	1.3699	0.03315	0.0000	4000	3982	18	0	5
2.7397	2.8971	2.7192	1.8265	0.03792	0.0000	4000	3982	18	0	4	3.0145	2.7301	2.7397	0.04225	0.0000	4000	3982	18	0	4
2.7671	3.0920	2.7589	1.7123	0.03296	0.0000	4000	3981	19	0	7	2.8331	2.7562	1.7123	0.03455	0.0000	4000	3981	19	0	7
2.7945	2.6591	2.7849	1.5221	0.05170	0.0000	4000	3982	18	0	4	3.0685	2.7849	1.9569	0.05871	0.0000	4000	3982	18	0	4
2.8219	3.3955	2.8192	2.4907	0.10321	0.0000	4000	3980	20	0	9	3.1948	2.8192	2.2831	0.06488	0.0000	4000	3980	20	0	9
2.8493	3.2072	2.8288	2.2831	0.13589	0.0000	4000	3982	18	0	4	3.0059	2.8342	1.8265	0.12455	0.0000	4000	3982	18	0	4
2.8767	3.5861	2.8644	3.0441	0.10507	0.0000	4000	3981	19	0	8	3.0618	2.8726	1.3699	0.10345	0.0000	4000	3981	19	0	8
2.9041	3.1513	2.8904	3.4247	0.07241	0.0000	4000	3981	19	0	7	3.2334	2.8877	2.4907	0.07978	0.0000	4000	3981	19	0	7
2.9315	3.1754	2.9000	1.7123	0.13038	0.0000	4000	3982	18	0	4	3.0808	2.8973	3.9139	0.06323	0.0000	4000	3982	18	0	4
2.9589	3.6099	2.9507	2.1075	0.15589	0.0000	4000	3981	19	0	7	3.1964	2.9438	1.7123	0.14170	0.0000	4000	3981	19	0	7
2.9863	3.1484	2.9630	1.9569	0.13904	0.0000	4000	3982	18	0	3	3.3447	2.9658	2.4907	0.08603	0.0000	4000	3982	18	0	3
3.0137	3.0385	3.0000	1.4420	0.12107	0.0000	4000	3982	18	0	6	3.2213	3.0000	1.5221	0.11011	0.0000	4000	3982	18	0	6
3.0411	3.4616	3.0315	1.7123	0.10951	0.0000	4000	3983	17	0	5	2.9668	3.0329	1.3046	0.09184	0.0000	4000	3983	17	0	5
3.0685	3.6500	3.0534	2.7397	0.05921	0.0000	4000	3983	17	0	6	3.3336	3.0521	1.5221	0.11044	0.0000	4000	3983	17	0	6
3.0959	3.2651	3.0904	1.3046	0.08970	0.0000	4000	3982	18	0	6	3.4487	3.0904	2.7397	0.11192	0.0000	4000	3982	18	0	6
3.1233	3.2530	3.1110	1.1912	0.16063	0.0000	4000	3983	17	0	7	3.8107	3.1137	2.1075	0.12795	0.0000	4000	3983	17	0	7
3.1507	3.2884	3.1178	2.1075	0.21041	0.0000	4000	3983	17	0	4	3.4170	3.1260	2.1075	0.12975	0.0000	4000	3983	17	0	4
3.1781	3.4850	3.1356	1.3046	0.12932	0.0000	4000	3983	17	0	2	3.9625	3.1356	3.4247	0.12362	0.0000	4000	3983	17	0	2
3.2055	3.9673	3.1877	2.2831	0.17370	0.0000	4000	3983	17	0	4	3.6306	3.1753	3.0441	0.16904	0.0000	4000	3983	17	0	4
3.2329	3.3327	3.2192	1.3699	0.12301	0.0000	4000	3982	18	0	3	3.5302	3.2192	1.4420	0.07937	0.0000	4000	3982	18	0	3
3.2603	3.5480	3.2274	1.7123	0.13479	0.0000	4000	3983	17	0	4	3.5505	3.2315	1.3699	0.16211	0.0000	4000	3983	17	0	4
3.2877	3.6044	3.2438	2.1075	0.18337	0.0000	4000	3983	17	0	5	3.6603	3.2438	1.8265	0.19047	0.0000	4000	3983	17	0	5
3.3151	3.6905	3.3068	1.7123	0.13211	0.0000	4000	3983	17	0	3	3.6002	3.2904	2.2831	0.09915	0.0000	4000	3983	17	0	3
3.3425	3.8070	3.3301	1.5221	0.11195	0.0000	4000	3982	18	0	5	3.7288	3.3301	2.4907	0.13529	0.0000	4000	3982	18	0	5
3.3699	3.9298	3.3438	1.7123	0.14759	0.0000	4000	3982	18	0	2	3.5867	3.3438	1.6116	0.15556	0.0000	4000	3982	18	0	2
3.3973	3.8645	3.3918	2.2831	0.15205	0.0000	4000	3982	18	0	6	3.3118	3.3877	1.3046	0.16896	0.0000	4000	3982	18	0	6
3.4247	3.9126	3.4137	1.9569	0.12055	0.0000	4000	3983	17	0	2	3.7258	3.4041	1.8265	0.12734	0.0000	4000	3983	17	0	2
3.4521	3.8808	3.4356	1.6116	0.23351	0.0000	4000	3983	17	0	3	3.8386	3.4356	2.1075	0.12493	0.0000	4000	3983	17	0	3
3.4795	4.1747	3.4699	2.4907	0.16934	0.0000	4000	3982	18	0	5	4.0444	3.4658	2.7397	0.26000	0.0000	4000	3982	18	0	5
3.5068	3.9991	3.4849	2.4907	0.14466	0.0000	4000	3983	17	0	3	3.8155	3.4863	1.9569	0.12929	0.0000	4000	3983	17	0	3
3.5342	3.6258	3.5233	1.4420	0.11827	0.0000	4000	3983	17	0	3	3.7356	3.5233	1.4420	0.12964	0.0000	4000	3983	17	0	3
3.5616	3.6759	3.5562	1.7123	0.12005	0.0000	4000	3981	19	0	6	3.7863	3.5562	1.8265	0.15570	0.0000	4000	3981	19	0	6
3.5890	3.6224	3.5699	1.9569	0.12611	0.0000	4000	3982	18	0	6	3.7430	3.5795	1.3699	0.14096	0.0000	4000	3982	18	0	6
3.6164	3.9604	3.5986	2.1075	0.12844	0.0000	4000	3982	18	0	5	3.8953	3.5986	2.1075	0.14666	0.0000	4000	3982	18	0	5
3.6438	3.7982	3.6096	2.1075	0.14603	0.0000	4000	3983	17	0	3	3.6278	3.6096	1.5221	0.06921	0.0000	4000	3983	17	0	3
3.6712	4.1441	3.6575	1.7123	0.10836	0.0000	4000	3982	18	0	3	3.8493	3.6575	1.2453	0.06699	0.0000	4000	3982	18	0	3
3.6986	4.1012	3.6808	1.4420	0.18025	0.0000	4000	3983	17	0	4	3.9975	3.6836	1.9569	0.12225	0.0000	4000	3983	17	0	4
3.7260	4.0287	3.6959	2.4907	0.17688	0.0000	4000	3983	17	0	6	4.0477	3.7014	2.2831	0.15315	0.0000	4000	3983	17	0	6
3.7534	4.1106	3.7438	1.9569	0.08173	0.0000	4000	3983	17	0	6	4.0387	3.7452	1.7123	0.23592	0.0000	4000	3983	17	0	6
3.7808	4.0542	3.7493	2.2831	0.13540	0.0000	4000	3983	17	0	8	4.2033	3.7658	2.1075	0.23027	0.0000	4000	3983	17	0	8
3.8082	4.0612	3.8014	1.5221	0.16586	0.0000	4000	3982	18	0	5	4.0157	3.8014	1.9569	0.10003	0.0000	4000	3982	18	0	5
3.8356	3.9678	3.8000	1.8265	0.19685	0.0000	4000	3983	17	0	0	4.4979	3.8014	2.4907	0.16863	0.0000	4000	3983	17	0	0
3.8630	4.1831	3.8329	1.8265	0.09112	0.0000	4000	3982	18	0	7	3.9569	3.8315	1.6116	0.15879	0.0000	4000	3982	18	0	7
3.8904	4.2751	3.8849	2.2831	0.08967	0.0000	4000	3982	18	0	7	3.9605	3.8849	1.4420	0.11742	0.0000	4000	3982	18	0	7
3.9178	4.2031	3.8932	1.7123	0.11614	0.0000	4000	3983	17	0	2	4.4011	3.8932	3.0441	0.09915	0.0000	4000	3983	17	0	2
3.9452	3.9352	3.9000	1.9569	0.12532	0.0000	4000	3983	17	0	1	4.5161	3.8986	2.1075	0.09030	0.0000	4000	3983	17	0	1
3.9726	4.0628	3.9205	2.1075	0.07690	0.0000	4000	3982	18	0	4	4.2597	3.9205	1.9569	0.11162	0.0000	4000	3982	18	0	4
4.0000	4.1552	3.9370	1.7123	0.10359	0.0000	4000	3982	18	0	7	4.5750	3.9370	2.4907	0.09241	0.0000	4000	3982	18	0	7
4.0274	3.6908	3.9370	1.2453	0.15307	0.0000	4000	3982	18	0	1	4.4838	3.9301	2.4907	0.13729	0.0000	4000	3982	18	0	1
4.0548	4.3521	3.9644	2.4907	0.11274	0.0000	4000	3982	18	0	3	4.0892	3.9644	1.6116	0.14882	0.0000	4000	3982	18	0	3
4.0822	3.6031	3.9740	1.7123	0.10392	0.0000	4000	3982	18	0	4	4.3344	3.9781	1.8265	0.15011	0.0000	4000	3982	18	0	4
4.1096	4.3984	3.9836	3.0441	0.08389	0.0000	4000	3982	18	0	2	4.1610	3.9836	1.9569	0.12537	0.0000	4000	3982	18	0	2
4.1370	4.4312	4.0055	2.2831	0.17690	0.0000	4000	3982	18	0	8	3.7698	4.0068	1.7123	0.04967	0.0000	4000	3982	18	0	8
4.1644	4.3574	4.0164	2.1075	0.14405	0.0000	4000	3982	18	0	4	4.4997	4.0164	2.7397	0.08995	0.0000	4000	3982	18	0	4
4.1918	4.3444	4.0356	2.2831	0.12501	0.0000	4000	3981	19	0	2	4.7172	4.0356	2.7397	0.12940	0.0000	4000	3981	19	0	2
4.2192	4.3525	4.0452	1.8265	0.08153	0.0000	4000	3982	18	0	7	4.2664	4.0479	1.8265	0.08066	0.0000	4000	3982	18	0	7
4.2466	4.5457	4.0630	2.7397	0.10490	0.0000	4000	3980	20	0	4	4.6135	4.0630	1.8265	0.05326	0.0000	4000	3980	20	0	4
4.2740	4.4760	4.0726	2.1075	0.05052	0.0000	4000	3982	18	0	6	4.2566	4.0726	1.9569	0.03918	0.0000	4000	3982	18	0	6
4.3014	4.5650	4.0890	1.9569	0.04912	0.0000	4000	3982	18	0	3	4.8005	4.0781	3.0441	0.05427	0.0000	4000	3982	18	0	3
4.3288	4.5145	4.3219	2.1075	0.03636	0.0000	4000	3981	19	0	9	4.7815	4.3219	2.1075	0.04732	0.0000	4000	3981	19	0	9
4.3562	4.7475	4.3356	1.8265	0.03660	0.0000	4000	3980	20	0	4	4.7204	4.3356	1.9569	0.03493	0.0000	4000	3980	20	0	4
4.3836	4.7775	4.3425	1.3046	0.03170	0.0000	4000	3982	18	0	6	4.9300	4.3425	2.2831	0.02652	0.0000	4000	3982	18	0	6
4.4110	5.2610	4.4068	3.0441	0.02975	0.0000	4000	3981	19	0	6	5.1907	4.4068	3.0441	0.03247	0.0000	4000	3981	19	0	6
4.4384	4.8668	4.4219	2.2831	0.04504	0.0000	4000	3980	20	0	4	5.2212	4.4219	2.4907	0.04468	0.0000	4000	3980	20	0	4
4.4658	4.9537	4.4301	2.2831	0.03967	0.0000	4000	3981	19	0	3	4.7438	4.4356	1.9569	0.03019	0.0000	4000	3981	19	0	3
4.4932	4.8968	4.4493	1.6116	0.04052	0.0000	4000	3980	20	0	4	4.8204	4.4493	1.4420	0.04923	0.0000	4000	3980	20	0	4
4.5205	5.2793	4.4616	3.4247	0.03603	0.0000	4000	3982	18	0	6	4.1973	4.4616	1.4420	0.03197	0.0000	4000	3982	18	0	6
4.5479	5.3145	4.4699	2.7397	0.02871	0.0000	4000	3982	18	0	7	4.6028	4.4740	1.9569	0.04899	0.0000	4000	3982	18	0	7
4.5753	4.9225	4.4808	1.9569	0.03953	0.0000	4000	3982	18	0	2	5.0980	4.4877	1.9569	0.04268	0.0000	4000	3982	18	0	2
4.6027	5.0492	4.4986	2.7397	0.04510	0.0000	4000	3982	18	0	5	5.4410	4.4932	2.7397	0.05123	0.0000	4000	3982	18	0	5
4.6301	4.9451	4.5123	1.7123	0.04647	0.0000	4000	3982	18	0	5	5.0650	4.5055	1.8265	0.05370	0.0000	4000	3982	18	0	5
4.6575	4.9644	4.5247	2.2831	0.05855	0.0000	4000	3982	18	0	4	4.6613	4.5247	1.9569	0.05589	0.0000	4000	3982	18	0	4
4.6849	5.3340	4.6781	2.7397	0.05351	0.0000	4000	3981	19	0	7	5.6543	4.6781	3.0441	0.05989	0.0000	4000	3981	19	0	7
4.7123	5.5698	4.6863	3.9139	0.05425	0.0000	4000	3981	19	0	3	4.8405	4.6781	2.4907	0.05263	0.0000	4000	3981	19	0	3
4.7397	5.7179	4.7014	3.9139	0.06425	0.0000	4000	3982	18	0	1	5.1990	4.6795	1.8265	0.04512	0.0000	4000	3982	18	0	1
4.7671	4.9725	4.7164	1.9569	0.04214	0.0000	4000	3980	20	0	3	5.9597	4.7644	3.4247	0.04715	0.0000	4000	3980	20	0	3
4.7945	4.9852	4.7753	1.8265	0.07666	0.0000	4000	3982	18	0	5	4.9237	4.7753	1.8265	0.09227	0.0000	4000	3982	18	0	5
4.8219	5.1074	4.7890	1.8265	0.09340	0.0000	4000	3982	18	0	4	5.3464	4.7890	2.4907	0.07551	0.0000	4000	3982	18	0	4
4.8493	5.4982	4.7890	3.4247	0.08151	0.0000	4000	3982	18	0	2	5.4062	4.8014	2.2831	0.05964	0.0000	4000	3982	18	0	2
4.8767	5.0791	4.8082	3.4247	0.06633	0.0000	4000	3982	18	0	1	4.6514	4.7849	1.6116	0.05564	0.0000	4000	3982	18	0	1
4.9041	5.2224	4.8288	2.4907	0.10008	0.0000	4000	3981	19	0	4	4.8774	4.7699	1.9569	0.08025	0.0000	4000	3981	19	0	4
4.9315	5.3643	4.8452	1.8265	0.08997	0.0000	4000	3982	18	0	2	5.1759	4.8452	1.8265	0.06732	0.0000	4000	3982	18	0	2
4.9589	5.2348	4.8370	2.4907	0.06238	0.0000	4000	3982	18	0	4	5.3351	4.8575	2.2831	0.03814	0.0000	4000	3982	18	0	4
4.9863	5.8220	4.9767	2.1075	0.06592	0.0000	4000	3981	19	0	7	5.8319	4.9767	3.4247	0.05893	0.0000	4000	3981	19	0	7
5.0137	5.6446	4.9849	2.7397	0.04693	0.0000	4000	3982	18	0	3	5.4049	4.9863	1.8265	0.04926	0.0000	4000	3982	18	0	3
5.0411	5.6859	5.0041	2.1075	0.05879	0.0000	4000	3981	19	0	3	5.9972	5.0041	2.4907	0.05926	0.0000	4000	3981	19	0	3
5.0685	5.7228	5.0589	3.0441	0.04740	0.0000	4000	3982	18	0	4	5.6458	5.0507	1.9569	0.05063	0.0000	4000	3982	18	0	4
5.0959	5.0795	5.0712	1.7123	0.05121	0.0000	4000	3981	19	0	5	5.2952	5.0740	1.3699	0.04814	0.0000	4000	3981	19	0	5
5.1233	5.9394	5.0877	2.7397	0.06627	0.0000	4000	3979	21	0	5	5.7174	5.0877	1.8265	0.06699	0.0000	4000	3979	21	0	5
5.1507	5.6653	5.0986	1.3699	0.06690	0.0000	4000	3982	18	0	7	5.8298	5.0959	2.1075	0.07025	0.0000	4000	3982	18	0	7
5.1781	5.4353	5.1548	1.8265	0.06534	0.0000	4000	3982	18	0	2	6.0199	5.1548	2.7397	0.06326	0.0000	4000	3982	18	0	2
5.2055	5.3209	5.1781	2.1075	0.05145	0.0000	4000	3982	18	0	4	5.9295	5.1822	2.4907	0.05737	0.0000	4000	3982	18	0	4
5.2329	6.0688	5.2041	2.1075	0.06540	0.0000	4000	3982	18	0	1	5.8633	5.2041	2.4907	0.06362	0.0000	4000	3982	18	0	1
5.2603	5.7026	5.2342	1.8265	0.05715	0.0000	4000	3982	18	0	5	6.0032	5.2329	1.8265	0.05134	0.0000	4000	3982	18	0	5
5.2877	5.7719	5.2397	2.4907	0.05474	0.0000	4000	3982	18	0	2	5.9599	5.2397	2.7397	0.06332	0.0000	4000	3982	18	0	2
5.3151	5.8390	5.2589	2.1075	0.06778	0.0000	4000	3982	18	0	3	5.6843	5.2616	1.7123	0.06230	0.0000	4000	3982	18	0	3
5.3425	6.3610	5.2795	3.4247	0.05545	0.0000	4000	3980	20	0	4	5.9127	5.2795	1.9569	0.05353	0.0000	4000	3980	20	0	4
5.3699	5.8365	5.2932	2.1075	0.05008	0.0000	4000	3980	20	0	4	6.0886	5.2781	5.4795	0.04863	0.0000	4000	3980	20	0	4
5.3973	5.7305	5.3068	2.1075	0.04225	0.0000	4000	3980	20	0	3	6.0158	5.2959	2.7397	0.05466	0.0000	4000	3980	20	0	3
5.4247	5.5462	5.3068	2.7397	0.06266	0.0000	4000	3981	19	0	1	6.6117	5.3137	2.4907	0.05789	0.0000	4000	3981	19	0	1
5.4521	6.0132	5.3315	2.2831	0.07811	0.0000	4000	3981	19	0	4	5.9951	5.3315	2.4907	0.06586	0.0000	4000	3981	19	0	4
5.4795	5.7266	5.4288	2.2831	0.06504	0.0000	4000	3981	19	0	3	5.8918	5.4493	2.4907	0.06666	0.0000	4000	3981	19	0	3
5.5068	6.1539	5.4795	3.9139	0.10222	0.0000	4000	3981	19	0	2	5.7316	5.4534	1.7123	0.09151	0.0000	4000	3981	19	0	2
5.5342	5.5632	5.4932	1.3046	0.07455	0.0000	4000	3981	19	0	4	5.9219	5.4932	2.1075	0.08666	0.0000	4000	3981	19	0	4
5.5616	5.6339	5.5014	1.6116	0.07025	0.0000	4000	3981	19	0	6	5.8784	5.5041	2.1075	0.06715	0.0000	4000	3981	19	0	6
5.5890	6.7481	5.5247	4.5662	0.06068	0.0000	4000	3979	21	0	8	6.3329	5.5247	2.7397	0.06726	0.0000	4000	3979	21	0	8
5.6164	6.2409	5.5233	2.1075	0.05600	0.0000	4000	3981	19	0	0	6.2865	5.5233	2.2831	0.05633	0.0000	4000	3981	19	0	0
5.6438	6.0212	5.5247	2.1075	0.06334	0.0000	4000	3981	19	0	2	6.1151	5.5233	3.4247	0.06285	0.0000	4000	3981	19	0	2
5.6712	5.6376	5.6603	1.8265	0.06214	0.0000	4000	3981	19	0	3	6.4101	5.6603	3.4247	0.07595	0.0000	4000	3981	19	0	3
5.6986	6.0253	5.6849	2.2831	0.06425	0.0000	4000	3981	19	0	2	6.5848	5.6740	3.0441	0.07082	0.0000	4000	3981	19	0	2
5.7260	6.2606	5.7041	2.7397	0.06775	0.0000	4000	3981	19	0	4	6.6058	5.7041	3.0441	0.08345	0.0000	4000	3981	19	0	4
5.7534	6.4847	5.7110	3.0441	0.06153	0.0000	4000	3981	19	0	3	6.2899	5.7041	2.2831	0.06893	0.0000	4000	3981	19	0	3
5.7808	6.6090	5.7658	3.4247	0.06263	0.0000	4000	3981	19	0	4	6.3252	5.7644	1.7123	0.08173	0.0000	4000	3981	19	0	4
5.8082	6.1501	5.7836	1.7123	0.07005	0.0000	4000	3980	20	0	4	6.3905	5.7836	1.9569	0.07945	0.0000	4000	3980	20	0	4
5.8356	6.6345	5.7973	1.7123	0.11030	0.0000	4000	3980	20	0	3	6.5672	5.7973	2.2831	0.09375	0.0000	4000	3980	20	0	3
5.8630	6.1825	5.8356	2.7397	0.06888	0.0000	4000	3981	19	0	3	6.5708	5.8562	3.0441	0.07929	0.0000	4000	3981	19	0	3
5.8904	6.1525	5.8671	1.8265	0.07701	0.0000	4000	3981	19	0	5	6.6543	5.8685	3.4247	0.06995	0.0000	4000	3981	19	0	5
5.9178	6.1581	5.8808	2.2831	0.08986	0.0000	4000	3981	19	0	2	6.7496	5.8808	2.2831	0.09397	0.0000	4000	3981	19	0	2
5.9452	6.9988	5.9000	2.4907	0.09740	0.0000	4000	3980	20	0	2	6.9045	5.9000	2.7397	0.09107	0.0000	4000	3980	20	0	2
5.9726	6.6098	5.9110	1.6116	0.07063	0.0000	4000	3981	19	0	5	6.4942	5.9110	2.1075	0.07477	0.0000	4000	3981	19	0	5
6.0000	7.0767	5.9205	3.4247	0.07003	0.0000	4000	3981	19	0	3	6.4096	5.9205	1.7123	0.07438	0.0000	4000	3981	19	0	3
6.0274	6.9469	5.9411	2.2831	0.08326	0.0000	4000	3980	20	0	5	6.7365	5.9411	1.9569	0.06375	0.0000	4000	3980	20	0	5
6.0548	6.9135	6.0137	2.7397	0.12833	0.0000	4000	3981	19	0	2	7.3444	6.0370	4.5662	0.11619	0.0000	4000	3981	19	0	2
6.0822	6.8357	6.0521	1.8265	0.07707	0.0000	4000	3981	19	0	2	6.6384	6.0521	1.8265	0.09688	0.0000	4000	3981	19	0	2
6.1096	7.0304	6.0781	2.2831	0.09047	0.0000	4000	3979	21	0	4	7.3215	6.0781	2.2831	0.07953	0.0000	4000	3979	21	0	4
6.1370	6.9407	6.1233	2.4907	0.08077	0.0000	4000	3981	19	0	4	6.8497	6.1205	1.9569	0.08027	0.0000	4000	3981	19	0	4
6.1644	6.3798	6.1384	1.7123	0.08668	0.0000	4000	3981	19	0	5	7.0078	6.1384	2.7397	0.08263	0.0000	4000	3981	19	0	5
6.1918	7.5603	6.1671	3.9139	0.06047	0.0000	4000	3981	19	0	4	6.6271	6.1795	2.7397	0.07447	0.0000	4000	3981	19	0	4
6.2192	7.4246	6.1973	1.9569	0.06641	0.0000	4000	3980	20	0	5	7.0441	6.1740	1.9569	0.07030	0.0000	4000	3980	20	0	5
6.2466	7.5738	6.2082	2.7397	0.05063	0.0000	4000	3981	19	0	5	7.2623	6.2000	3.4247	0.05263	0.0000	4000	3981	19	0	5
6.2740	6.8170	6.2151	3.0441	0.07619	0.0000	4000	3981	19	0	4	7.1153	6.2233	2.4907	0.09071	0.0000	4000	3981	19	0	4
6.3014	7.2556	6.2356	2.4907	0.08348	0.0000	4000	3981	19	0	2	6.7274	6.2082	1.9569	0.08710	0.0000	4000	3981	19	0	2
6.3288	6.4158	6.2507	1.7123	0.03945	0.0000	4000	3981	19	0	5	6.9961	6.2151	2.4907	0.05332	0.0000	4000	3981	19	0	5
6.3562	6.9679	6.2630	2.2831	0.04249	0.0000	4000	3981	19	0	4	7.6130	6.2575	3.0441	0.06567	0.0000	4000	3981	19	0	4
6.3836	7.3238	6.3685	2.2831	0.07449	0.0000	4000	3981	19	0	2	7.7550	6.3685	2.7397	0.07340	0.0000	4000	3981	19	0	2
6.4110	7.3424	6.3945	3.0441	0.04156	0.0000	4000	3981	19	0	8	7.1289	6.3945	1.8265	0.04849	0.0000	4000	3981	19	0	8
6.4384	7.3923	6.4096	3.0441	0.03537	0.0000	4000	3980	20	0	4	7.6909	6.4096	3.0441	0.04910	0.0000	4000	3980	20	0	4
6.4658	7.4594	6.4205	2.4907	0.04364	0.0000	4000	3981	19	0	4	7.4118	6.4178	1.9569	0.04934	0.0000	4000	3981	19	0	4
6.4932	7.4552	6.4315	2.7397	0.02784	0.0000	4000	3981	19	0	2	6.9965	6.4315	1.4420	0.02332	0.0000	4000	3981	19	0	2
6.5205	7.2347	6.5055	1.7123	0.04293	0.0000	4000	3981	19	0	3	6.9809	6.4795	2.4907	0.03874	0.0000	4000	3981	19	0	3
6.5479	6.8740	6.5192	2.1075	0.04723	0.0000	4000	3981	19	0	3	7.6578	6.5192	1.7123	0.05167	0.0000	4000	3981	19	0	3
6.5753	8.0931	6.5726	3.4247	0.06329	0.0000	4000	3979	21	0	6	7.4618	6.5726	1.8265	0.05756	0.0000	4000	3979	21	0	6
6.6027	7.6088	6.5836	3.4247	0.05723	0.0000	4000	3981	19	0	5	7.5949	6.5836	2.4907	0.05359	0.0000	4000	3981	19	0	5
6.6301	7.9512	6.6000	4.5662	0.06362	0.0000	4000	3980	20	0	2	7.1698	6.5836	1.5221	0.06638	0.0000	4000	3980	20	0	2
6.6575	7.6138	6.6014	3.0441	0.04389	0.0000	4000	3980	20	0	7	6.8553	6.6397	1.6116	0.03984	0.0000	4000	3980	20	0	7
6.6849	7.9624	6.6562	2.4907	0.05403	0.0000	4000	3981	19	0	2	7.6112	6.6438	1.9569	0.05367	0.0000	4000	3981	19	0	2
6.7123	7.5400	6.6630	2.2831	0.06025	0.0000	4000	3981	19	0	7	7.9704	6.6603	3.4247	0.05490	0.0000	4000	3981	19	0	7
6.7397	7.5343	6.6753	1.9569	0.07392	0.0000	4000	3981	19	0	6	7.0138	6.6781	2.1075	0.06575	0.0000	4000	3981	19	0	6
6.7671	7.8500	6.6932	2.2831	0.07181	0.0000	4000	3981	19	0	1	7.7042	6.6932	1.7123	0.06414	0.0000	4000	3981	19	0	1
6.7945	7.0280	6.7082	1.8265	0.05962	0.0000	4000	3981	19	0	3	7.8356	6.7082	3.4247	0.06921	0.0000	4000	3981	19	0	3
6.8219	7.5969	6.7178	3.0441	0.07296	0.0000	4000	3980	20	0	6	7.9829	6.7260	3.9139	0.06553	0.0000	4000	3980	20	0	6
6.8493	7.9064	6.7356	2.7397	0.07071	0.0000	4000	3981	19	0	4	7.6744	6.7384	2.1075	0.06052	0.0000	4000	3981	19	0	4
6.8767	7.6730	6.7466	2.2831	0.05077	0.0000	4000	3981	19	0	4	7.9279	6.7466	3.9139	0.06041	0.0000	4000	3981	19	0	4
6.9041	7.9354	6.7671	2.2831	0.05458	0.0000	4000	3980	20	0	4	8.1245	6.7671	2.7397	0.06463	0.0000	4000	3980	20	0	4
6.9315	8.4140	6.7753	5.4795	0.06197	0.0000	4000	3981	19	0	4	7.3432	6.7753	1.9569	0.06540	0.0000	4000	3981	19	0	4
6.9589	7.6671	6.7753	2.7397	0.05611	0.0000	4000	3978	22	0	7	7.2700	6.7945	1.8265	0.05408	0.0000	4000	3978	22	0	7
6.9863	6.2176	6.8068	1.1912	0.05195	0.0000	4000	3981	19	0	5	7.8831	6.8068	2.7397	0.05855	0.0000	4000	3981	19	0	5
7.0137	8.2001	6.8068	3.4247	0.05699	0.0000	4000	3981	19	0	2	7.6399	6.8151	2.2831	0.06079	0.0000	4000	3981	19	0	2
7.0411	7.3240	6.8260	1.8265	0.05551	0.0000	4000	3981	19	0	3	8.1202	6.8329	3.0441	0.06378	0.0000	4000	3981	19	0	3
7.0685	7.5169	6.8384	2.7397	0.05597	0.0000	4000	3981	19	0	2	7.5260	6.8397	2.4907	0.05841	0.0000	4000	3981	19	0	2
7.0959	8.0418	7.0904	2.4907	0.07773	0.0000	4000	3981	19	0	4	7.6307	7.0904	2.1075	0.08833	0.0000	4000	3981	19	0	4
7.1233	8.0132	7.1041	1.8265	0.07592	0.0000	4000	3981	19	0	8	7.4483	7.1027	2.2831	0.06899	0.0000	4000	3981	19	0	8
7.1507	8.0524	7.1164	2.4907	0.06625	0.0000	4000	3982	18	0	2	7.6362	7.1041	2.1075	0.07701	0.0000	4000	3982	18	0	2
7.1781	7.7940	7.1644	2.2831	0.05559	0.0000	4000	3982	18	0	5	8.3801	7.1548	2.7397	0.05315	0.0000	4000	3982	18	0	5
7.2055	7.9594	7.2014	1.5221	0.03255	0.0000	4000	3982	18	0	6	8.5170	7.2014	2.7397	0.04630	0.0000	4000	3982	18	0	6
7.2329	7.8683	7.2123	1.6116	0.02901	0.0000	4000	3983	17	0	6	8.4409	7.2014	1.9569	0.03268	0.0000	4000	3983	17	0	6
7.2603	7.4616	7.2260	2.2831	0.02649	0.0000	4000	3983	17	0	1	8.2595	7.2260	1.9569	0.03219	0.0000	4000	3983	17	0	1
7.2877	8.6346	7.2466	3.9139	0.03507	0.0000	4000	3982	18	0	3	8.5742	7.2438	2.7397	0.04173	0.0000	4000	3982	18	0	3
7.3151	7.9470	7.2575	2.2831	0.04682	0.0000	4000	3983	17	0	4	8.0838	7.2575	1.9569	0.03792	0.0000	4000	3983	17	0	4
7.3425	7.8294	7.3288	1.7123	0.05107	0.0000	4000	3983	17	0	6	7.9039	7.3288	1.7123	0.03523	0.0000	4000	3983	17	0	6
7.3699	8.4815	7.3288	2.1075	0.03934	0.0000	4000	3983	17	0	0	8.4598	7.3233	2.2831	0.04175	0.0000	4000	3983	17	0	0
7.3973	7.8763	7.3288	1.7123	0.04526	0.0000	4000	3983	17	0	2	8.6245	7.3507	2.4907	0.04545	0.0000	4000	3983	17	0	2
7.4247	8.1305	7.3699	2.1075	0.04419	0.0000	4000	3982	18	0	3	7.4054	7.3699	1.3699	0.03636	0.0000	4000	3982	18	0	3
7.4521	8.3717	7.4384	2.2831	0.03789	0.0000	4000	3983	17	0	3	7.9131	7.4384	1.6116	0.03874	0.0000	4000	3983	17	0	3
7.4795	7.8828	7.4630	1.7123	0.03984	0.0000	4000	3983	17	0	4	7.9570	7.4658	1.8265	0.06285	0.0000	4000	3983	17	0	4
7.5068	8.1864	7.4959	2.1075	0.04395	0.0000	4000	3982	18	0	5	8.2975	7.4973	1.6116	0.04049	0.0000	4000	3982	18	0	5
7.5342	8.8268	7.4836	3.4247	0.07967	0.0000	4000	3982	18	0	1	8.0445	7.4945	1.5221	0.07551	0.0000	4000	3982	18	0	1
7.5616	8.8325	7.5219	2.2831	0.07438	0.0000	4000	3981	19	0	3	8.9008	7.5260	2.4907	0.07674	0.0000	4000	3981	19	0	3
7.5890	9.1046	7.5397	3.0441	0.06926	0.0000	4000	3981	19	0	6	8.7952	7.5397	2.1075	0.05945	0.0000	4000	3981	19	0	6
7.6164	8.0665	7.5479	2.1075	0.04795	0.0000	4000	3981	19	0	5	8.2031	7.5438	1.8265	0.05315	0.0000	4000	3981	19	0	5
7.6438	8.6113	7.5644	3.9139	0.04748	0.0000	4000	3981	19	0	5	9.4802	7.5589	3.0441	0.05545	0.0000	4000	3981	19	0	5
7.6712	8.5692	7.6507	2.4907	0.06633	0.0000	4000	3981	19	0	3	8.5623	7.6534	2.7397	0.05329	0.0000	4000	3981	19	0	3
7.6986	9.4662	7.6918	4.5662	0.06759	0.0000	4000	3980	20	0	4	8.9023	7.6822	1.8265	0.06762	0.0000	4000	3980	20	0	4
7.7260	8.5794	7.7096	2.2831	0.07290	0.0000	4000	3981	19	0	3	8.9567	7.7096	2.1075	0.07584	0.0000	4000	3981	19	0	3
7.7534	8.9222	7.7274	4.5662	0.09575	0.0000	4000	3982	18	0	4	8.6944	7.7233	3.4247	0.09504	0.0000	4000	3982	18	0	4
7.7808	8.6550	7.7685	2.4907	0.08274	0.0000	4000	3981	19	0	3	8.0461	7.7534	2.2831	0.09822	0.0000	4000	3981	19	0	3
7.8082	8.5181	7.7671	2.4907	0.06748	0.0000	4000	3981	19	0	2	7.5679	7.7781	1.3046	0.07334	0.0000	4000	3981	19	0	2
7.8356	8.4923	7.7945	2.1075	0.08660	0.0000	4000	3981	19	0	5	7.9354	7.7507	2.1075	0.06767	0.0000	4000	3981	19	0	5
7.8630	8.1335	7.7849	2.2831	0.07830	0.0000	4000	3980	20	0	3	8.2477	7.8096	1.9569	0.07219	0.0000	4000	3980	20	0	3
7.8904	8.1519	7.7863	1.9569	0.09608	0.0000	4000	3981	19	0	0	8.5762	7.7863	1.9569	0.08696	0.0000	4000	3981	19	0	0
7.9178	8.8702	7.8315	1.9569	0.08523	0.0000	4000	3981	19	0	3	8.2074	7.7849	2.1075	0.07893	0.0000	4000	3981	19	0	3
7.9452	8.7695	7.7863	4.5662	0.08430	0.0000	4000	3981	19	0	5	8.6143	7.8452	2.1075	0.09496	0.0000	4000	3981	19	0	5
7.9726	8.5955	7.8616	2.2831	0.08545	0.0000	4000	3981	19	0	4	8.4030	7.8616	2.4907	0.09688	0.0000	4000	3981	19	0	4
8.0000	9.4604	7.8740	3.0441	0.07422	0.0000	4000	3981	19	0	2	8.9906	7.8616	1.9569	0.07038	0.0000	4000	3981	19	0	2
8.0274	8.8589	8.0137	3.0441	0.09055	0.0000	4000	3981	19	0	5	9.1579	8.0014	3.9139	0.08255	0.0000	4000	3981	19	0	5
8.0548	8.2027	8.0164	1.9569	0.09501	0.0000	4000	3981	19	0	2	8.7582	8.0301	2.7397	0.08477	0.0000	4000	3981	19	0	2
8.0822	8.3649	8.0685	2.7397	0.08384	0.0000	4000	3982	18	0	4	8.4756	8.0685	1.8265	0.06279	0.0000	4000	3982	18	0	4
8.1096	8.0565	8.0836	1.5221	0.07474	0.0000	4000	3982	18	0	2	8.8906	8.0493	3.0441	0.09452	0.0000	4000	3982	18	0	2
8.1370	8.9483	8.1000	2.7397	0.10756	0.0000	4000	3981	19	0	2	8.5677	8.0630	2.4907	0.08403	0.0000	4000	3981	19	0	2
8.1644	8.4028	8.0836	2.1075	0.07795	0.0000	4000	3982	18	0	2	8.3243	8.1027	2.4907	0.08060	0.0000	4000	3982	18	0	2
8.1918	9.5197	8.1767	4.5662	0.09496	0.0000	4000	3981	19	0	6	8.8360	8.1425	3.4247	0.10860	0.0000	4000	3981	19	0	6
8.2192	9.5688	8.1767	4.5662	0.10696	0.0000	4000	3982	18	0	0	8.8491	8.1740	2.1075	0.09726	0.0000	4000	3982	18	0	0
8.2466	9.1027	8.2041	2.1075	0.10734	0.0000	4000	3981	19	0	5	8.6913	8.1932	3.4247	0.11682	0.0000	4000	3981	19	0	5
8.2740	9.0530	8.2630	1.9569	0.10318	0.0000	4000	3980	20	0	8	9.3220	8.2630	3.9139	0.09989	0.0000	4000	3980	20	0	8
8.3014	10.0829	8.2767	3.4247	0.10937	0.0000	4000	3980	20	0	6	8.6814	8.2616	2.1075	0.08953	0.0000	4000	3980	20	0	6
8.3288	8.6393	8.2904	2.1075	0.07633	0.0000	4000	3979	21	0	5	8.0592	8.2904	1.3046	0.08630	0.0000	4000	3979	21	0	5
8.3562	8.3662	8.2904	1.9569	0.06616	0.0000	4000	3980	20	0	4	9.6076	8.3041	3.9139	0.05523	0.0000	4000	3980	20	0	4
8.3836	9.2473	8.3068	3.4247	0.06833	0.0000	4000	3981	19	0	4	9.0513	8.3082	2.2831	0.08679	0.0000	4000	3981	19	0	4
8.4110	8.9785	8.3110	1.9569	0.06616	0.0000	4000	3981	19	0	3	9.3003	8.3274	3.4247	0.07619	0.0000	4000	3981	19	0	3
8.4384	9.0066	8.3370	2.4907	0.05890	0.0000	4000	3981	19	0	4	9.0334	8.3370	2.7397	0.06526	0.0000	4000	3981	19	0	4
8.4658	9.4047	8.3466	3.9139	0.06564	0.0000	4000	3980	20	0	2	9.5960	8.3589	1.9569	0.05805	0.0000	4000	3980	20	0	2
8.4932	8.8437	8.3726	2.4907	0.07321	0.0000	4000	3980	20	0	2	8.7740	8.3726	2.2831	0.06932	0.0000	4000	3980	20	0	2
8.5205	8.9560	8.3753	1.5221	0.06041	0.0000	4000	3981	19	0	3	9.5573	8.3753	2.4907	0.06668	0.0000	4000	3981	19	0	3
8.5479	8.7676	8.5329	1.7123	0.06151	0.0000	4000	3980	20	0	4	9.1016	8.5329	2.1075	0.05655	0.0000	4000	3980	20	0	4
8.5753	8.9629	8.5425	2.1075	0.09956	0.0000	4000	3979	21	0	3	8.8183	8.5356	2.1075	0.09518	0.0000	4000	3979	21	0	3
8.6027	10.0619	8.5589	3.4247	0.09134	0.0000	4000	3979	21	0	5	10.1952	8.5603	4.5662	0.10296	0.0000	4000	3979	21	0	5
8.6301	10.1225	8.5726	3.9139	0.08548	0.0000	4000	3980	20	0	3	9.5999	8.5685	3.4247	0.08197	0.0000	4000	3980	20	0	3
8.6575	9.7801	8.5822	4.5662	0.08403	0.0000	4000	3979	21	0	4	9.2197	8.5877	2.7397	0.09868	0.0000	4000	3979	21	0	4
8.6849	9.5799	8.5753	3.4247	0.09123	0.0000	4000	3980	20	0	1	9.4165	8.5877	1.9569	0.07748	0.0000	4000	3980	20	0	1
8.7123	9.3079	8.6027	2.2831	0.07203	0.0000	4000	3980	20	0	2	9.0857	8.6027	1.8265	0.07948	0.0000	4000	3980	20	0	2
8.7397	9.0476	8.7288	2.2831	0.06800	0.0000	4000	3979	21	0	4	9.2140	8.7288	1.6116	0.06175	0.0000	4000	3979	21	0	4
8.7671	9.1005	8.7027	1.8265	0.06945	0.0000	4000	3980	20	0	1	8.7822	8.7274	1.7123	0.07756	0.0000	4000	3980	20	0	1
8.7945	9.2676	8.7548	1.9569	0.11203	0.0000	4000	3979	21	0	7	9.0789	8.7562	1.8265	0.08978	0.0000	4000	3979	21	0	7
8.8219	9.2607	8.7945	2.7397	0.11093	0.0000	4000	3980	20	0	1	9.9532	8.7945	1.8265	0.08156	0.0000	4000	3980	20	0	1
8.8493	9.7335	8.8233	2.1075	0.07282	0.0000	4000	3979	21	0	4	9.8034	8.8233	1.7123	0.07811	0.0000	4000	3979	21	0	4
8.8767	10.2766	8.8315	3.4247	0.06433	0.0000	4000	3980	20	0	7	9.6208	8.8329	2.1075	0.06038	0.0000	4000	3980	20	0	7
8.9041	10.4927	8.8507	2.4907	0.07441	0.0000	4000	3979	21	0	4	10.4068	8.8493	4.5662	0.07326	0.0000	4000	3979	21	0	4
8.9315	9.7937	8.8616	2.4907	0.06047	0.0000	4000	3980	20	0	3	9.3597	8.8301	1.9569	0.04981	0.0000	4000	3980	20	0	3
8.9589	9.8037	8.9288	2.2831	0.07529	0.0000	4000	3979	21	0	2	10.2671	8.9452	4.5662	0.07348	0.0000	4000	3979	21	0	2
8.9863	10.2711	8.9466	3.4247	0.06926	0.0000	4000	3980	20	0	7	9.2048	8.9452	2.7397	0.05816	0.0000	4000	3980	20	0	7
9.0137	9.7409	8.9712	2.4907	0.06937	0.0000	4000	3980	20	0	4	8.9398	8.9603	1.9569	0.06805	0.0000	4000	3980	20	0	4
9.0411	10.3319	8.9836	3.9139	0.06419	0.0000	4000	3980	20	0	4	9.8191	8.9822	2.4907	0.05836	0.0000	4000	3980	20	0	4
9.0685	9.5558	8.9918	1.8265	0.05485	0.0000	4000	3980	20	0	3	9.9845	8.9836	3.0441	0.04838	0.0000	4000	3980	20	0	3
9.0959	9.4267	9.0096	1.5221	0.06652	0.0000	4000	3980	20	0	3	10.0604	9.0096	2.4907	0.06521	0.0000	4000	3980	20	0	3
9.1233	10.5836	9.0151	2.1075	0.06934	0.0000	4000	3980	20	0	5	10.7703	9.0178	3.9139	0.05504	0.0000	4000	3980	20	0	5
9.1507	9.3010	9.0178	3.0441	0.05411	0.0000	4000	3980	20	0	2	9.0735	9.0329	1.9569	0.05849	0.0000	4000	3980	20	0	2
9.1781	10.4574	9.0329	3.9139	0.05830	0.0000	4000	3980	20	0	2	9.0626	9.0247	1.8265	0.05416	0.0000	4000	3980	20	0	2
9.2055	9.7055	9.0616	2.7397	0.05430	0.0000	4000	3980	20	0	4	9.8365	9.0589	2.1075	0.05507	0.0000	4000	3980	20	0	4
9.2329	10.2809	9.2233	2.4907	0.07501	0.0000	4000	3978	22	0	6	9.7356	9.2233	1.8265	0.05189	0.0000	4000	3978	22	0	6
9.2603	9.6085	9.2233	2.1075	0.05986	0.0000	4000	3980	20	0	0	8.6843	9.2151	1.8265	0.05038	0.0000	4000	3980	20	0	0
9.2877	10.5460	9.2466	3.4247	0.06953	0.0000	4000	3979	21	0	3	10.0836	9.2507	2.2831	0.07041	0.0000	4000	3979	21	0	3
9.3151	10.1275	9.2466	2.1075	0.08304	0.0000	4000	3980	20	0	4	9.8358	9.2603	2.2831	0.08751	0.0000	4000	3980	20	0	4
9.3425	10.7790	9.3123	3.0441	0.07734	0.0000	4000	3981	19	0	2	10.0900	9.3192	1.9569	0.06562	0.0000	4000	3981	19	0	2
9.3699	9.9318	9.3562	1.8265	0.07263	0.0000	4000	3981	19	0	6	10.2304	9.3562	2.1075	0.06926	0.0000	4000	3981	19	0	6
9.3973	10.5248	9.3753	3.4247	0.07677	0.0000	4000	3981	19	0	2	10.5591	9.3808	2.1075	0.06507	0.0000	4000	3981	19	0	2
9.4247	11.3148	9.4110	3.4247	0.08353	0.0000	4000	3981	19	0	2	11.1061	9.3849	3.9139	0.08468	0.0000	4000	3981	19	0	2
9.4521	10.6169	9.4260	1.7123	0.08663	0.0000	4000	3981	19	0	3	10.8242	9.4452	3.0441	0.06899	0.0000	4000	3981	19	0	3
9.4795	9.7672	9.4562	1.9569	0.12340	0.0000	4000	3979	21	0	4	11.3013	9.4616	1.9569	0.11614	0.0000	4000	3979	21	0	4
9.5068	10.2031	9.4726	1.8265	0.05567	0.0000	4000	3981	19	0	3	10.1951	9.4712	2.4907	0.08419	0.0000	4000	3981	19	0	3
9.5342	10.6911	9.4849	1.9569	0.08307	0.0000	4000	3981	19	0	1	10.9213	9.4849	1.9569	0.07123	0.0000	4000	3981	19	0	1
9.5616	9.6670	9.4959	1.7123	0.08688	0.0000	4000	3981	19	0	3	11.2659	9.4932	4.5662	0.07455	0.0000	4000	3981	19	0	3
9.5890	10.9394	9.5123	3.0441	0.07148	0.0000	4000	3980	20	0	2	9.8079	9.3712	1.7123	0.07762	0.0000	4000	3980	20	0	2
9.6164	9.4881	9.4562	1.7123	0.07164	0.0000	4000	3981	19	0	2	9.9735	9.5192	1.9569	0.09288	0.0000	4000	3981	19	0	2
9.6438	11.0293	9.5438	2.4907	0.11471	0.0000	4000	3979	21	0	6	10.5530	9.5438	2.4907	0.14814	0.0000	4000	3979	21	0	6
9.6712	9.6539	9.5548	1.9569	0.09058	0.0000	4000	3981	19	0	2	10.2751	9.5452	2.2831	0.07156	0.0000	4000	3981	19	0	2
9.6986	11.2621	9.5644	4.5662	0.09701	0.0000	4000	3981	19	0	4	10.7607	9.5644	1.9569	0.06759	0.0000	4000	3981	19	0	4
9.7260	11.3172	9.6973	2.4907	0.09718	0.0000	4000	3981	19	0	2	9.6958	9.7068	1.7123	0.05918	0.0000	4000	3981	19	0	2
9.7534	11.8402	9.7068	3.0441	0.09860	0.0000	4000	3981	19	0	0	10.9088	9.6973	2.7397	0.10981	0.0000	4000	3981	19	0	0
9.7808	10.7437	9.7781	1.8265	0.09956	0.0000	4000	3979	21	0	4	11.6957	9.7781	5.4795	0.09885	0.0000	4000	3979	21	0	4
9.8082	9.0114	9.7918	1.3699	0.10660	0.0000	4000	3981	19	0	3	10.7336	9.7918	2.1075	0.09482	0.0000	4000	3981	19	0	3
9.8356	10.8287	9.8082	1.8265	0.09260	0.0000	4000	3980	20	0	1	11.2824	9.7904	5.4795	0.09784	0.0000	4000	3980	20	0	1
9.8630	10.5897	9.8096	2.2831	0.09529	0.0000	4000	3980	20	0	3	10.3548	9.8192	1.7123	0.07718	0.0000	4000	3980	20	0	3
9.8904	10.5507	9.7918	2.1075	0.08252	0.0000	4000	3981	19	0	2	11.5652	9.8247	3.0441	0.08764	0.0000	4000	3981	19	0	2
9.9178	10.3926	9.8493	1.9569	0.06907	0.0000	4000	3980	20	0	6	10.1926	9.8493	1.6116	0.06578	0.0000	4000	3980	20	0	6
9.9452	11.7563	9.8575	4.5662	0.07997	0.0000	4000	3981	19	0	3	10.1251	9.8548	2.2831	0.07285	0.0000	4000	3981	19	0	3
9.9726	11.1189	9.8575	2.7397	0.06904	0.0000	4000	3981	19	0	1	10.1952	9.8562	1.4420	0.07518	0.0000	4000	3981	19	0	1
10.0000	10.0857	9.8877	1.9569	0.10614	0.0000	4000	3981	19	0	2	12.3245	9.8877	3.4247	0.12356	0.0000	4000	3981	19	0	2
