betas	S/N	R0.544909	0.015028	0.032744
0.519270	0.015028	0.031204
0.510995	0.015028	0.030706
0.540549	0.015028	0.032482
0.519270	0.015028	0.031204
0.536225	0.015028	0.032222
0.502852	0.015028	0.030217
0.531935	0.015028	0.031965
0.502852	0.015028	0.030217
0.519270	0.015028	0.031204
0.540549	0.015028	0.032482
0.553733	0.015028	0.033274
0.502852	0.015028	0.030217
0.553733	0.015028	0.033274
0.510995	0.015028	0.030706
0.494839	0.015028	0.029735
0.523458	0.015028	0.031455
0.536225	0.015028	0.032222
0.498829	0.015028	0.029975
0.527680	0.015028	0.031709
0.486953	0.015028	0.029262
0.494839	0.015028	0.029735
0.498829	0.015028	0.029975
0.519270	0.015028	0.031204
0.479193	0.015028	0.028795
0.498829	0.015028	0.029975
0.523458	0.015028	0.031455
0.531935	0.015028	0.031965
0.502852	0.015028	0.030217
0.506907	0.015028	0.030461
0.475359	0.015028	0.028565
0.536225	0.015028	0.032222
0.486953	0.015028	0.029262
0.519270	0.015028	0.031204
0.479193	0.015028	0.028795
0.502852	0.015028	0.030217
0.523458	0.015028	0.031455
0.494839	0.015028	0.029735
0.523458	0.015028	0.031455
0.515116	0.015028	0.030954
0.536225	0.015028	0.032222
0.479193	0.015028	0.028795
0.494839	0.015028	0.029735
0.549303	0.015028	0.033008
0.479193	0.015028	0.028795
0.486953	0.015028	0.029262
0.536225	0.015028	0.032222
0.553733	0.015028	0.033274
0.540549	0.015028	0.032482
0.475359	0.015028	0.028565
0.510995	0.015028	0.030706
0.519270	0.015028	0.031204
0.502852	0.015028	0.030217
0.486953	0.015028	0.029262
0.510995	0.015028	0.030706
0.490880	0.015028	0.029498
0.475359	0.015028	0.028565
0.527680	0.015028	0.031709
0.490880	0.015028	0.029498
0.523458	0.015028	0.031455
0.475359	0.015028	0.028565
0.510995	0.015028	0.030706
0.475359	0.015028	0.028565
0.498829	0.015028	0.029975
0.523458	0.015028	0.031455
0.510995	0.015028	0.030706
0.510995	0.015028	0.030706
0.540549	0.015028	0.032482
0.490880	0.015028	0.029498
0.523458	0.015028	0.031455
0.515116	0.015028	0.030954
0.515116	0.015028	0.030954
0.544909	0.015028	0.032744
0.540549	0.015028	0.032482
0.519270	0.015028	0.031204
0.531935	0.015028	0.031965
0.510995	0.015028	0.030706
0.540549	0.015028	0.032482
0.479193	0.015028	0.028795
0.540549	0.015028	0.032482
0.540549	0.015028	0.032482
0.479193	0.015028	0.028795
0.510995	0.015028	0.030706
0.479193	0.015028	0.028795
0.498829	0.015028	0.029975
0.479193	0.015028	0.028795
0.536225	0.015028	0.032222
0.523458	0.015028	0.031455
0.506907	0.015028	0.030461
0.553733	0.015028	0.033274
0.494839	0.015028	0.029735
0.515116	0.015028	0.030954
0.506907	0.015028	0.030461
0.523458	0.015028	0.031455
0.553733	0.015028	0.033274
0.510995	0.015028	0.030706
0.494839	0.015028	0.029735
0.494839	0.015028	0.029735
0.506907	0.015028	0.030461
0.544909	0.015028	0.032744
