betas	S/N	R0.510995	0.021901	0.044749
0.523458	0.021901	0.045840
0.540549	0.021901	0.047337
0.510995	0.021901	0.044749
0.510995	0.021901	0.044749
0.506907	0.021901	0.044391
0.515116	0.021901	0.045110
0.523458	0.021901	0.045840
0.536225	0.021901	0.046958
0.544909	0.021901	0.047719
0.531935	0.021901	0.046583
0.536225	0.021901	0.046958
0.502852	0.021901	0.044036
0.475359	0.021901	0.041628
0.515116	0.021901	0.045110
0.490880	0.021901	0.042987
0.544909	0.021901	0.047719
0.523458	0.021901	0.045840
0.540549	0.021901	0.047337
0.502852	0.021901	0.044036
0.523458	0.021901	0.045840
0.510995	0.021901	0.044749
0.506907	0.021901	0.044391
0.490880	0.021901	0.042987
0.490880	0.021901	0.042987
0.519270	0.021901	0.045474
0.502852	0.021901	0.044036
0.506907	0.021901	0.044391
0.510995	0.021901	0.044749
0.531935	0.021901	0.046583
0.536225	0.021901	0.046958
0.490880	0.021901	0.042987
0.549303	0.021901	0.048104
0.549303	0.021901	0.048104
0.479193	0.021901	0.041964
0.544909	0.021901	0.047719
0.502852	0.021901	0.044036
0.506907	0.021901	0.044391
0.475359	0.021901	0.041628
0.510995	0.021901	0.044749
0.549303	0.021901	0.048104
0.494839	0.021901	0.043334
0.531935	0.021901	0.046583
0.544909	0.021901	0.047719
0.523458	0.021901	0.045840
0.502852	0.021901	0.044036
0.479193	0.021901	0.041964
0.515116	0.021901	0.045110
0.531935	0.021901	0.046583
0.540549	0.021901	0.047337
0.475359	0.021901	0.041628
0.536225	0.021901	0.046958
0.475359	0.021901	0.041628
0.502852	0.021901	0.044036
0.506907	0.021901	0.044391
0.510995	0.021901	0.044749
0.549303	0.021901	0.048104
0.510995	0.021901	0.044749
0.486953	0.021901	0.042644
0.475359	0.021901	0.041628
0.479193	0.021901	0.041964
0.494839	0.021901	0.043334
0.506907	0.021901	0.044391
0.510995	0.021901	0.044749
0.502852	0.021901	0.044036
0.510995	0.021901	0.044749
0.510995	0.021901	0.044749
0.527680	0.021901	0.046210
0.479193	0.021901	0.041964
0.536225	0.021901	0.046958
0.502852	0.021901	0.044036
0.544909	0.021901	0.047719
0.475359	0.021901	0.041628
0.540549	0.021901	0.047337
0.527680	0.021901	0.046210
0.486953	0.021901	0.042644
0.531935	0.021901	0.046583
0.490880	0.021901	0.042987
0.506907	0.021901	0.044391
0.536225	0.021901	0.046958
0.490880	0.021901	0.042987
0.486953	0.021901	0.042644
0.479193	0.021901	0.041964
0.494839	0.021901	0.043334
0.549303	0.021901	0.048104
0.475359	0.021901	0.041628
0.475359	0.021901	0.041628
0.510995	0.021901	0.044749
0.536225	0.021901	0.046958
0.527680	0.021901	0.046210
0.510995	0.021901	0.044749
0.479193	0.021901	0.041964
0.494839	0.021901	0.043334
0.475359	0.021901	0.041628
0.549303	0.021901	0.048104
0.531935	0.021901	0.046583
0.519270	0.021901	0.045474
0.536225	0.021901	0.046958
0.515116	0.021901	0.045110
0.479193	0.021901	0.041964
