betas	S/N	R0.536225	0.217420	0.466174
0.494839	0.217420	0.430194
0.475359	0.217420	0.413259
0.519270	0.217420	0.451434
0.515116	0.217420	0.447823
0.510995	0.217420	0.444240
0.544909	0.217420	0.473723
0.479193	0.217420	0.416592
0.486953	0.217420	0.423339
0.562700	0.217420	0.489190
0.519270	0.217420	0.451434
0.527680	0.217420	0.458745
0.549303	0.217420	0.477543
0.490880	0.217420	0.426753
0.536225	0.217420	0.466174
0.531935	0.225758	0.480180
0.549303	0.217420	0.477543
0.519270	0.217420	0.451434
0.486953	0.217420	0.423339
0.536225	0.217420	0.466174
0.475359	0.217420	0.413259
0.562700	0.217420	0.489190
0.558198	0.217420	0.485277
0.452994	0.217420	0.393816
0.519270	0.217420	0.451434
0.494839	0.217420	0.430194
0.452994	0.217420	0.393816
0.515116	0.217420	0.447823
0.510995	0.217420	0.444240
0.510995	0.217420	0.444240
0.486953	0.217420	0.423339
0.549303	0.217420	0.477543
0.515116	0.217420	0.447823
0.515116	0.217420	0.447823
0.494839	0.217420	0.430194
0.523458	0.217420	0.455075
0.506907	0.217420	0.440686
0.467784	0.217420	0.406674
0.553733	0.217420	0.481394
0.536225	0.217420	0.466174
0.549303	0.217420	0.477543
0.490880	0.217420	0.426753
0.494839	0.217420	0.430194
0.549303	0.217420	0.477543
0.452994	0.217420	0.393816
0.498829	0.217420	0.433663
0.494839	0.217420	0.430194
0.562700	0.217420	0.489190
0.467784	0.217420	0.406674
0.549303	0.217420	0.477543
0.540549	0.217420	0.469933
0.510995	0.217420	0.444240
0.515116	0.217420	0.447823
0.452994	0.217420	0.393816
0.519270	0.217420	0.451434
0.523458	0.217420	0.455075
0.562700	0.217420	0.489190
0.494839	0.217420	0.430194
0.467784	0.217420	0.406674
0.519270	0.217420	0.451434
0.549303	0.217420	0.477543
0.467784	0.217420	0.406674
0.549303	0.217420	0.477543
0.549303	0.217420	0.477543
0.479193	0.217420	0.416592
0.515116	0.217420	0.447823
0.536225	0.217420	0.466174
0.502852	0.217420	0.437161
0.479193	0.217420	0.416592
0.467784	0.217420	0.406674
0.527680	0.217420	0.458745
0.558198	0.217420	0.485277
0.558198	0.217420	0.485277
0.540549	0.217420	0.469933
0.519270	0.217420	0.451434
0.562700	0.217420	0.489190
0.479193	0.217420	0.416592
0.475359	0.217420	0.413259
0.523458	0.217420	0.455075
0.506907	0.217420	0.440686
0.475359	0.217420	0.413259
0.544909	0.217420	0.473723
0.549303	0.217420	0.477543
0.475359	0.217420	0.413259
0.510995	0.217420	0.444240
0.502852	0.217420	0.437161
0.502852	0.217420	0.437161
0.510995	0.217420	0.444240
0.549303	0.217420	0.477543
0.506907	0.217420	0.440686
0.519270	0.217420	0.451434
0.498829	0.217420	0.433663
0.452994	0.217420	0.393816
0.510995	0.217420	0.444240
0.544909	0.217420	0.473723
0.475359	0.217420	0.413259
0.540549	0.217420	0.469933
0.486953	0.217420	0.423339
0.510995	0.217420	0.444240
0.486953	0.217420	0.423339
