betas	S/N	R0.467784	0.216292	0.404564
0.544909	0.216292	0.471265
0.490880	0.216292	0.424538
0.519270	0.228230	0.473879
0.558198	0.216292	0.482759
0.531935	0.228230	0.485437
0.540549	0.216292	0.467495
0.467784	0.216292	0.404564
0.523458	0.228230	0.477701
0.502852	0.228230	0.458896
0.452994	0.216292	0.391772
0.531935	0.228230	0.485437
0.490880	0.216292	0.424538
0.562700	0.216292	0.486652
0.506907	0.228230	0.462597
0.490880	0.216292	0.424538
0.536225	0.216292	0.463755
0.536225	0.216292	0.463755
0.544909	0.216292	0.471265
0.536225	0.216292	0.463755
0.540549	0.216292	0.467495
0.498829	0.228230	0.455225
0.540549	0.216292	0.467495
0.498829	0.228230	0.455225
0.540549	0.216292	0.467495
0.502852	0.228230	0.458896
0.486953	0.216292	0.421142
0.486953	0.216292	0.421142
0.540549	0.216292	0.467495
0.553733	0.216292	0.478897
0.498829	0.228230	0.455225
0.519270	0.228230	0.473879
0.519270	0.228230	0.473879
0.479193	0.216292	0.414431
0.536225	0.216292	0.463755
0.523458	0.228230	0.477701
0.475359	0.216292	0.411115
0.490880	0.216292	0.424538
0.527680	0.228230	0.481553
0.494839	0.216292	0.427962
0.490880	0.216292	0.424538
0.531935	0.228230	0.485437
0.523458	0.228230	0.477701
0.506907	0.228230	0.462597
0.562700	0.216292	0.486652
0.527680	0.228230	0.481553
0.523458	0.228230	0.477701
0.553733	0.216292	0.478897
0.498829	0.228230	0.455225
0.558198	0.216292	0.482759
0.544909	0.216292	0.471265
0.519270	0.228230	0.473879
0.523458	0.228230	0.477701
0.540549	0.216292	0.467495
0.519270	0.228230	0.473879
0.553733	0.216292	0.478897
0.523458	0.228230	0.477701
0.519270	0.228230	0.473879
0.452994	0.216292	0.391772
0.486953	0.216292	0.421142
0.519270	0.228230	0.473879
0.510995	0.228230	0.466327
0.479193	0.216292	0.414431
0.502852	0.228230	0.458896
0.523458	0.228230	0.477701
0.544909	0.216292	0.471265
0.536225	0.216292	0.463755
0.510995	0.228230	0.466327
0.527680	0.228230	0.481553
0.553733	0.216292	0.478897
0.502852	0.228230	0.458896
0.515116	0.228230	0.470088
0.558198	0.216292	0.482759
0.523458	0.228230	0.477701
0.531935	0.228230	0.485437
0.519270	0.228230	0.473879
0.531935	0.228230	0.485437
0.536225	0.216292	0.463755
0.540549	0.216292	0.467495
0.536225	0.216292	0.463755
0.536225	0.216292	0.463755
0.540549	0.216292	0.467495
0.506907	0.228230	0.462597
0.558198	0.216292	0.482759
0.506907	0.228230	0.462597
0.558198	0.216292	0.482759
0.452994	0.216292	0.391772
0.479193	0.216292	0.414431
0.553733	0.216292	0.478897
0.536225	0.216292	0.463755
0.558198	0.216292	0.482759
0.475359	0.216292	0.411115
0.502852	0.228230	0.458896
0.531935	0.228230	0.485437
0.467784	0.216292	0.404564
0.502852	0.228230	0.458896
0.510995	0.228230	0.466327
0.519270	0.228230	0.473879
0.544909	0.216292	0.471265
0.479193	0.216292	0.414431
