Loading parameters from parameters.yml
Starting Simulation
day	diversity	tmrca	netau	serialInterval	antigenicDiversity	N	S	I	R	cases	meanLoad	antigenicTypes	cumulativeTypes
10	0.043	0.025	0.274	0.005	0.000	40000	38461	1539	0	3569	12.000	1	1
20	0.097	0.052	0.274	0.006	0.000	40000	38147	1853	0	4722	12.000	2	2
30	0.148	0.079	0.274	0.007	0.000	40000	38747	1253	0	3474	12.000	1	2
40	0.201	0.107	0.274	0.008	0.000	40000	39416	584	0	1674	11.000	1	2
50	0.248	0.134	0.274	0.009	0.000	40000	39780	220	0	625	11.000	1	2
60	0.301	0.162	0.274	0.010	0.000	40000	39912	88	0	243	11.000	1	2
70	0.318	0.189	0.274	0.009	0.000	40000	39957	43	0	100	11.000	1	2
80	0.331	0.216	0.274	0.012	0.000	40000	39972	28	0	53	11.000	1	2
90	0.390	0.244	0.274	0.008	0.000	40000	39974	26	0	44	12.000	1	2
100	0.390	0.271	0.274	0.010	0.000	40000	39976	24	0	41	12.000	1	2
110	0.430	0.299	1.712	0.011	0.000	40000	39973	27	0	38	12.000	1	2
120	0.461	0.326	1.612	0.010	0.000	40000	39976	24	0	37	12.000	1	2
130	0.478	0.352	1.245	0.012	0.000	40000	39977	23	0	30	12.000	1	2
140	0.530	0.381	1.612	0.009	0.000	40000	39973	27	0	41	12.000	1	2
150	0.531	0.407	1.522	0.008	0.000	40000	39978	22	0	43	11.000	1	2
160	0.627	0.436	1.957	0.010	0.000	40000	39976	24	0	47	12.000	1	2
170	0.685	0.463	2.740	0.009	0.000	40000	39975	25	0	37	12.000	1	2
180	0.683	0.490	1.712	0.008	0.000	40000	39976	24	0	41	11.000	1	2
190	0.670	0.518	1.442	0.008	0.000	40000	39975	25	0	43	12.000	1	2
200	0.752	0.545	1.442	0.010	0.000	40000	39972	28	0	41	11.000	1	2
210	0.757	0.573	1.612	0.010	0.000	40000	39974	26	0	38	12.000	1	2
220	0.788	0.600	1.442	0.009	0.000	40000	39974	26	0	48	12.000	1	2
230	0.722	0.626	1.015	0.008	0.000	40000	39976	24	0	36	11.000	1	2
240	0.848	0.655	1.612	0.008	0.000	40000	39972	28	0	40	11.000	1	2
250	0.889	0.682	1.612	0.008	0.000	40000	39973	27	0	38	11.000	1	2
260	0.878	0.710	1.370	0.009	0.000	40000	39973	27	0	44	11.000	1	2
270	0.962	0.737	1.522	0.009	0.000	40000	39974	26	0	49	12.000	1	2
280	0.945	0.764	1.245	0.011	0.000	40000	39974	26	0	37	11.000	1	2
290	1.029	0.792	1.612	0.009	0.000	40000	39973	27	0	39	11.000	1	2
300	1.015	0.819	1.305	0.009	0.000	40000	39976	24	0	34	12.000	1	2
310	1.073	0.847	1.522	0.009	0.000	40000	39973	27	0	45	11.000	1	2
320	1.044	0.873	1.442	0.006	0.000	40000	39975	25	0	43	11.000	1	2
330	1.177	0.901	1.712	0.009	0.000	40000	39975	25	0	40	11.000	1	2
340	1.107	0.929	1.142	0.008	0.000	40000	39974	26	0	48	12.000	1	2
350	1.216	0.956	2.107	0.010	0.000	40000	39972	28	0	47	11.000	1	2
360	1.239	0.984	1.612	0.008	0.000	40000	39975	25	0	34	11.000	1	2
370	1.212	1.010	1.612	0.013	0.000	40000	39976	24	0	30	11.000	1	2
380	1.372	1.038	2.283	0.013	0.000	40000	39971	29	0	40	11.000	1	2
390	1.259	1.066	1.612	0.010	0.000	40000	39973	27	0	41	11.000	1	2
400	1.383	1.093	2.283	0.011	0.000	40000	39972	28	0	42	11.000	1	2
410	1.289	1.121	1.370	0.014	0.000	40000	39973	27	0	40	11.000	1	2
420	1.438	1.148	2.107	0.010	0.000	40000	39972	28	0	44	11.000	1	2
430	1.338	1.174	1.370	0.010	0.000	40000	39973	27	0	45	10.000	1	2
440	1.606	1.203	2.491	0.010	0.000	40000	39972	28	0	41	10.000	1	2
450	1.475	1.227	1.612	0.009	0.000	40000	39973	27	0	53	11.000	1	2
460	1.553	1.256	2.740	0.009	0.000	40000	39972	28	0	49	10.000	1	2
470	1.532	1.285	1.522	0.008	0.000	40000	39972	28	0	52	11.000	1	2
480	1.566	1.312	1.245	0.009	0.000	40000	39972	28	0	52	11.000	1	2
490	1.584	1.340	1.370	0.009	0.000	40000	39973	27	0	48	11.000	1	2
500	1.561	1.366	1.442	0.009	0.000	40000	39976	24	0	48	11.000	1	2
510	1.659	1.392	1.712	0.010	0.000	40000	39975	25	0	40	11.000	1	2
520	1.741	1.422	1.612	0.010	0.002	40000	39973	27	0	40	10.000	2	3
530	1.722	1.449	1.522	0.009	0.001	40000	39973	27	0	49	11.000	2	3
540	1.789	1.477	1.370	0.010	0.001	40000	39971	29	0	40	11.000	2	3
550	1.783	1.504	1.612	0.010	0.001	40000	39973	27	0	46	11.000	2	3
560	1.609	1.532	1.522	0.011	0.002	40000	39974	26	0	33	10.000	2	3
570	1.819	1.559	1.305	0.009	0.001	40000	39970	30	0	42	11.000	2	3
580	1.923	1.586	1.612	0.009	0.001	40000	39975	25	0	32	11.000	2	3
590	1.741	1.614	1.370	0.009	0.000	40000	39972	28	0	45	11.000	2	3
600	1.948	1.640	1.826	0.009	0.002	40000	39974	26	0	40	12.000	2	3
610	2.133	1.668	1.612	0.008	0.001	40000	39971	29	0	49	11.000	2	3
620	1.979	1.696	1.522	0.008	0.001	40000	39972	28	0	47	11.000	2	3
630	2.132	1.723	2.107	0.009	0.002	40000	39972	28	0	47	11.000	2	3
640	2.068	1.751	1.442	0.011	0.001	40000	39971	29	0	44	11.000	2	3
650	1.958	1.775	1.191	0.010	0.001	40000	39976	24	0	32	11.000	2	3
660	2.157	1.805	1.370	0.010	0.001	40000	39971	29	0	40	11.000	2	3
670	2.112	1.833	2.107	0.010	0.001	40000	39971	29	0	46	10.000	2	3
680	2.284	1.860	2.107	0.012	0.001	40000	39973	27	0	38	11.000	2	3
690	2.269	1.888	2.283	0.009	0.001	40000	39968	32	0	51	10.000	2	3
700	2.489	1.915	2.491	0.011	0.001	40000	39966	34	0	47	10.000	2	3
710	2.112	1.942	1.442	0.010	0.001	40000	39973	27	0	37	11.000	2	3
720	2.336	1.970	1.612	0.013	0.001	40000	39971	29	0	44	10.000	2	3
730	2.237	1.996	1.957	0.011	0.001	40000	39972	28	0	42	10.000	2	3
740	2.185	2.023	1.612	0.008	0.001	40000	39972	28	0	40	11.000	2	3
750	2.374	2.052	1.957	0.011	0.002	40000	39970	30	0	52	10.000	2	3
760	2.408	2.079	2.740	0.011	0.001	40000	39972	28	0	50	10.000	2	3
770	2.274	2.107	1.096	0.009	0.001	40000	39973	27	0	50	10.000	2	3
780	2.365	2.132	1.370	0.014	0.001	40000	39972	28	0	36	10.000	2	3
790	2.298	2.162	1.370	0.009	0.001	40000	39971	29	0	50	10.000	2	3
800	2.651	2.189	1.522	0.011	0.001	40000	39971	29	0	58	10.000	2	3
810	2.550	2.214	1.826	0.009	0.000	40000	39976	24	0	53	10.000	1	3
820	2.500	2.244	2.491	0.011	0.000	40000	39971	29	0	42	11.000	1	3
830	2.433	2.271	1.370	0.009	0.000	40000	39972	28	0	45	11.000	1	3
840	2.582	2.299	1.612	0.011	0.000	40000	39971	29	0	36	11.000	1	3
850	2.542	2.326	1.612	0.011	0.000	40000	39973	27	0	41	10.000	1	3
860	2.725	2.353	2.283	0.009	0.000	40000	39973	27	0	44	10.000	1	3
870	2.401	2.379	1.370	0.010	0.000	40000	39975	25	0	45	11.000	1	3
880	2.863	2.408	2.740	0.012	0.000	40000	39970	30	0	34	10.000	1	3
890	2.511	2.436	1.191	0.007	0.000	40000	39974	26	0	43	11.000	1	3
900	2.429	2.463	1.370	0.008	0.000	40000	39974	26	0	38	10.000	1	3
910	2.780	2.490	1.957	0.010	0.000	40000	39970	30	0	46	10.000	1	3
920	2.800	2.518	1.712	0.008	0.000	40000	39974	26	0	42	10.000	1	3
930	3.143	2.545	2.283	0.009	0.000	40000	39972	28	0	43	10.000	1	3
940	2.841	2.573	1.522	0.008	0.000	40000	39971	29	0	52	10.000	1	3
950	2.942	2.599	1.612	0.011	0.000	40000	39971	29	0	40	11.000	1	3
960	2.689	2.623	1.245	0.012	0.000	40000	39975	25	0	42	11.000	1	3
970	2.774	2.655	1.442	0.011	0.000	40000	39969	31	0	40	10.000	1	3
980	2.771	2.682	1.522	0.008	0.000	40000	39970	30	0	44	10.000	1	3
990	2.362	2.707	1.015	0.008	0.000	40000	39972	28	0	43	10.000	1	3
1000	2.716	2.733	1.370	0.009	0.000	40000	39974	26	0	39	11.000	1	3
1010	3.223	2.764	2.107	0.012	0.000	40000	39970	30	0	52	10.000	1	3
1020	2.669	2.789	1.612	0.013	0.000	40000	39969	31	0	41	10.000	1	3
1030	2.850	2.814	1.442	0.013	0.000	40000	39975	25	0	31	11.000	1	3
1040	3.219	2.845	2.107	0.010	0.000	40000	39973	27	0	43	10.000	1	3
1050	2.800	2.862	1.370	0.012	0.000	40000	39974	26	0	40	11.000	1	3
1060	3.080	2.895	2.107	0.012	0.000	40000	39971	29	0	44	10.000	1	3
1070	3.344	2.929	2.740	0.015	0.000	40000	39973	27	0	45	10.000	1	3
1080	3.141	2.953	1.712	0.012	0.000	40000	39972	28	0	46	10.000	1	3
1090	2.905	2.981	1.522	0.014	0.000	40000	39974	26	0	28	10.000	1	3
1100	3.266	3.008	1.612	0.012	0.000	40000	39973	27	0	47	10.000	1	3
1110	2.774	3.038	1.191	0.027	0.000	40000	39971	29	0	36	10.000	1	3
1120	3.361	3.062	1.826	0.008	0.000	40000	39971	29	0	52	10.000	1	3
1130	2.980	3.088	1.096	0.009	0.000	40000	39971	29	0	53	10.000	1	3
1140	2.785	3.111	1.142	0.014	0.000	40000	39972	28	0	38	10.000	1	3
1150	3.415	3.148	1.245	0.012	0.000	40000	39970	30	0	36	10.000	1	3
1160	3.293	3.174	1.826	0.013	0.000	40000	39974	26	0	33	10.000	1	3
1170	3.516	3.201	2.107	0.011	0.000	40000	39972	28	0	43	10.000	1	3
1180	3.141	3.229	1.712	0.007	0.000	40000	39968	32	0	52	10.000	1	3
1190	3.298	3.256	1.826	0.016	0.000	40000	39972	28	0	39	10.000	1	3
1200	3.713	3.284	3.044	0.010	0.000	40000	39968	32	0	45	10.000	1	3
1210	3.888	3.312	2.491	0.010	0.000	40000	39971	29	0	40	11.000	1	3
1220	3.453	3.330	1.612	0.011	0.000	40000	39971	29	0	36	11.000	1	3
1230	3.417	3.363	1.712	0.011	0.000	40000	39971	29	0	43	10.000	1	3
1240	3.820	3.392	2.491	0.009	0.000	40000	39967	33	0	50	11.000	1	3
1250	3.539	3.405	1.612	0.010	0.000	40000	39970	30	0	41	11.000	1	3
1260	3.106	3.349	1.442	0.012	0.000	40000	39972	28	0	39	11.000	1	3
1270	3.407	3.371	2.491	0.010	0.000	40000	39971	29	0	45	10.000	1	3
1280	3.517	3.385	1.442	0.009	0.000	40000	39971	29	0	46	11.000	1	3
1290	3.847	3.399	1.712	0.009	0.000	40000	39971	29	0	38	10.000	1	3
1300	3.519	3.412	1.522	0.012	0.000	40000	39969	31	0	47	10.000	1	3
1310	3.477	3.426	1.612	0.010	0.000	40000	39971	29	0	44	11.000	1	3
1320	3.442	3.440	1.442	0.010	0.000	40000	39974	26	0	34	11.000	1	3
1330	3.477	3.453	1.191	0.012	0.000	40000	39971	29	0	41	10.000	1	3
1340	3.874	3.466	1.826	0.010	0.000	40000	39968	32	0	42	10.000	1	3
1350	3.743	3.481	2.491	0.010	0.000	40000	39975	25	0	43	11.000	1	3
1360	3.808	3.495	1.522	0.010	0.000	40000	39971	29	0	44	10.000	1	3
1370	3.890	3.508	1.612	0.009	0.000	40000	39971	29	0	47	10.000	1	3
1380	3.942	3.522	1.712	0.011	0.000	40000	39972	28	0	30	10.000	1	3
1390	3.720	3.536	1.612	0.009	0.000	40000	39972	28	0	44	10.000	1	3
1400	3.846	3.549	2.107	0.011	0.000	40000	39971	29	0	39	10.000	1	3
1410	3.701	3.563	1.612	0.011	0.000	40000	39974	26	0	43	10.000	1	3
1420	3.787	3.362	1.957	0.013	0.000	40000	39973	27	0	41	10.000	1	3
1430	3.967	3.385	2.283	0.010	0.000	40000	39972	28	0	33	10.000	1	3
1440	3.598	3.414	1.712	0.011	0.000	40000	39973	27	0	43	10.000	1	3
1450	4.146	3.442	1.826	0.014	0.000	40000	39975	25	0	31	11.000	1	3
1460	4.327	3.984	2.107	0.048	0.000	40000	39972	28	0	43	10.000	1	3
1470	4.251	3.999	1.712	0.199	0.000	40000	39972	28	0	33	10.000	1	3
1480	3.703	4.012	1.442	0.167	0.000	40000	39970	30	0	32	11.000	1	3
1490	4.384	4.026	3.044	0.167	0.000	40000	39972	28	0	32	10.000	1	3
1500	4.924	4.040	2.740	0.087	0.000	40000	39971	29	0	42	10.000	1	3
1510	4.263	4.053	2.740	0.124	0.000	40000	39972	28	0	50	10.000	1	3
1520	4.773	4.067	3.044	0.160	0.000	40000	39971	29	0	50	10.000	1	3
1530	4.355	4.081	1.612	0.085	0.000	40000	39975	25	0	34	10.000	1	3
1540	4.396	4.092	1.826	0.125	0.000	40000	39973	27	0	45	10.000	1	3
1550	4.160	4.107	1.712	0.315	0.000	40000	39973	27	0	45	10.000	1	3
1560	5.233	4.122	3.914	0.087	0.000	40000	39972	28	0	35	11.000	1	3
1570	4.605	4.136	2.283	0.088	0.000	40000	39973	27	0	35	10.000	1	3
1580	4.418	4.148	1.522	0.241	0.000	40000	39971	29	0	35	11.000	1	3
1590	4.962	4.163	1.612	0.277	0.000	40000	39971	29	0	45	11.000	1	3
1600	4.865	4.377	2.740	0.161	0.000	40000	39968	32	0	52	11.000	1	3
1610	5.013	4.390	2.283	0.199	0.000	40000	39975	25	0	34	10.000	1	3
1620	4.857	4.404	3.914	0.122	0.000	40000	39972	28	0	37	10.000	1	3
1630	4.949	4.418	2.107	0.086	0.000	40000	39975	25	0	38	10.000	1	3
1640	5.254	4.432	2.107	0.199	0.000	40000	39971	29	0	44	10.000	1	3
1650	5.061	4.445	2.491	0.122	0.000	40000	39971	29	0	38	11.000	1	3
1660	5.037	4.458	2.740	0.201	0.000	40000	39973	27	0	34	10.000	1	3
1670	5.222	4.473	2.740	0.083	0.000	40000	39973	27	0	41	10.000	1	3
1680	4.779	4.486	1.712	0.161	0.000	40000	39971	29	0	36	10.000	1	3
1690	5.603	4.500	3.425	0.123	0.000	40000	39972	28	0	39	11.000	1	3
1700	5.492	4.514	3.044	0.166	0.000	40000	39972	28	0	34	11.000	1	3
1710	5.047	4.526	3.425	0.086	0.000	40000	39973	27	0	41	11.000	1	3
1720	4.965	4.541	2.283	0.126	0.000	40000	39974	26	0	24	10.000	1	3
1730	5.102	4.555	2.491	0.126	0.000	40000	39971	29	0	44	11.000	1	3
1740	5.391	4.568	3.914	0.122	0.000	40000	39972	28	0	41	11.000	1	3
1750	5.070	4.582	1.957	0.159	0.000	40000	39972	28	0	43	10.000	1	3
1760	5.787	4.596	5.479	0.160	0.000	40000	39969	31	0	43	10.000	1	3
1770	4.924	4.610	1.522	0.123	0.000	40000	39971	29	0	35	10.000	1	3
1780	5.052	4.623	2.740	0.161	0.000	40000	39975	25	0	35	11.000	1	3
1790	5.203	4.637	3.044	0.159	0.000	40000	39970	30	0	49	10.000	1	3
1800	5.310	4.651	3.044	0.086	0.000	40000	39972	28	0	37	10.000	1	3
1810	5.349	4.664	2.491	0.163	0.000	40000	39971	29	0	38	10.000	1	3
1820	5.135	4.678	2.740	0.047	0.000	40000	39971	29	0	42	11.000	1	3
1830	5.164	4.692	1.712	0.203	0.000	40000	39970	30	0	40	10.000	1	3
1840	4.965	4.705	1.712	0.010	0.000	40000	39970	30	0	45	10.000	1	4
1850	5.268	4.718	3.044	0.161	0.000	40000	39975	25	0	36	11.000	1	4
1860	5.351	4.733	2.283	0.201	0.000	40000	39972	28	0	38	11.000	1	4
1870	5.241	4.745	2.283	0.198	0.000	40000	39974	26	0	37	10.000	1	4
1880	5.602	4.760	3.425	0.201	0.000	40000	39971	29	0	30	10.000	1	4
1890	5.211	4.774	1.442	0.048	0.000	40000	39971	29	0	35	10.000	1	4
1900	4.843	4.788	1.305	0.083	0.000	40000	39970	30	0	43	10.000	1	4
1910	5.355	4.801	1.712	0.123	0.000	40000	39971	29	0	32	10.000	1	4
1920	4.876	4.815	1.442	0.084	0.000	40000	39973	27	0	45	10.000	1	4
1930	5.668	4.829	2.491	0.123	0.000	40000	39972	28	0	40	11.000	1	4
1940	5.417	4.842	3.425	0.238	0.000	40000	39974	26	0	31	11.000	1	4
1950	5.459	4.856	2.283	0.127	0.000	40000	39974	26	0	26	10.000	1	4
1960	5.127	4.870	1.442	0.125	0.000	40000	39973	27	0	32	10.000	1	4
1970	5.759	4.884	3.425	0.245	0.000	40000	39972	28	0	43	11.000	1	4
1980	5.625	4.897	2.740	0.088	0.000	40000	39972	28	0	33	10.000	1	4
1990	4.694	4.911	1.522	0.087	0.000	40000	39973	27	0	41	10.000	1	4
2000	5.702	4.923	3.044	0.086	0.000	40000	39975	25	0	30	11.000	1	4
2010	5.556	4.938	2.283	0.047	0.000	40000	39967	33	0	51	10.000	1	4
2020	5.082	4.952	1.522	0.087	0.000	40000	39974	26	0	27	11.000	1	4
2030	5.353	4.966	1.957	0.088	0.000	40000	39974	26	0	41	10.000	1	4
2040	5.543	4.975	1.957	0.278	0.000	40000	39975	25	0	31	11.000	1	4
2050	5.718	4.993	2.283	0.200	0.000	40000	39973	27	0	37	10.000	1	4
2060	5.697	5.007	1.957	0.199	0.000	40000	39975	25	0	39	10.000	1	4
2070	5.885	5.021	3.044	0.087	0.000	40000	39974	26	0	37	11.000	1	4
2080	5.224	5.034	1.712	0.090	0.000	40000	39975	25	0	23	10.000	1	4
2090	5.640	5.047	1.612	0.210	0.000	40000	39973	27	0	38	11.000	1	4
2100	6.402	5.062	5.479	0.131	0.000	40000	39971	29	0	40	11.000	1	4
2110	4.880	5.075	1.305	0.131	0.000	40000	39968	32	0	47	10.000	1	4
2120	5.743	5.089	3.425	0.092	0.000	40000	39974	26	0	43	10.000	1	4
2130	5.623	5.101	1.522	0.122	0.000	40000	39975	25	0	36	10.000	1	4
2140	5.764	5.116	2.283	0.165	0.000	40000	39970	30	0	39	10.000	1	4
2150	5.411	5.130	2.491	0.084	0.000	40000	39971	29	0	45	11.000	1	4
2160	5.438	5.144	2.107	0.163	0.000	40000	39974	26	0	35	10.000	1	4
2170	5.338	5.158	1.957	0.122	0.000	40000	39974	26	0	38	10.000	1	4
2180	5.772	5.171	2.491	0.276	0.000	40000	39973	27	0	40	10.000	1	4
2190	5.172	5.185	2.107	0.124	0.000	40000	39972	28	0	39	10.000	1	4
2200	5.584	5.199	2.283	0.162	0.000	40000	39973	27	0	27	10.000	1	4
2210	5.300	5.212	1.826	0.123	0.000	40000	39972	28	0	41	9.000	1	4
2220	5.529	5.226	1.712	0.086	0.000	40000	39970	30	0	35	11.000	1	4
2230	5.042	5.237	2.107	0.009	0.000	40000	39972	28	0	39	11.000	1	4
2240	5.259	5.253	2.491	0.011	0.000	40000	39972	28	0	41	10.000	1	4
2250	5.310	5.266	2.283	0.011	0.000	40000	39974	26	0	34	10.000	1	4
2260	4.743	5.281	2.107	0.018	0.000	40000	39972	28	0	23	11.000	1	4
2270	5.250	5.295	1.612	0.007	0.000	40000	39970	30	0	39	10.000	1	4
2280	5.155	5.308	2.107	0.011	0.000	40000	39973	27	0	27	11.000	1	4
2290	5.601	5.322	5.479	0.008	0.000	40000	39973	27	0	35	10.000	1	4
2300	5.406	5.336	2.283	0.011	0.000	40000	39973	27	0	36	11.000	1	4
2310	5.884	5.349	2.740	0.007	0.000	40000	39973	27	0	41	11.000	1	4
2320	5.411	5.363	1.826	0.010	0.000	40000	39973	27	0	43	11.000	1	4
2330	5.514	5.377	1.712	0.013	0.000	40000	39971	29	0	31	11.000	1	4
2340	5.252	5.389	1.826	0.009	0.000	40000	39974	26	0	34	10.000	1	4
2350	4.399	5.403	1.370	0.008	0.000	40000	39971	29	0	38	10.000	1	4
2360	5.061	5.418	2.107	0.009	0.000	40000	39972	28	0	40	11.000	1	4
2370	5.423	5.432	3.425	0.010	0.000	40000	39972	28	0	35	11.000	1	4
2380	5.245	5.445	1.712	0.010	0.000	40000	39974	26	0	31	11.000	1	4
2390	5.602	5.459	2.740	0.011	0.000	40000	39970	30	0	35	11.000	1	4
2400	5.361	5.473	3.425	0.006	0.000	40000	39970	30	0	44	11.000	1	4
2410	4.936	5.404	2.491	0.009	0.000	40000	39972	28	0	38	10.000	1	4
2420	5.656	5.500	2.107	0.011	0.000	40000	39973	27	0	41	10.000	1	4
2430	4.935	5.514	2.107	0.009	0.000	40000	39971	29	0	43	10.000	1	4
2440	4.309	5.522	1.370	0.008	0.000	40000	39973	27	0	44	10.000	1	4
2450	5.320	5.541	2.283	0.011	0.000	40000	39970	30	0	41	11.000	1	4
2460	5.266	5.555	1.957	0.008	0.000	40000	39970	30	0	37	10.000	1	4
2470	5.513	5.568	1.826	0.007	0.000	40000	39971	29	0	41	11.000	1	4
2480	5.354	5.582	1.957	0.011	0.000	40000	39970	30	0	38	11.000	1	4
2490	5.695	5.596	2.107	0.013	0.000	40000	39969	31	0	41	11.000	1	4
2500	4.890	5.610	2.283	0.011	0.000	40000	39971	29	0	31	10.000	1	4
2510	5.216	5.622	3.044	0.008	0.000	40000	39974	26	0	39	10.000	1	4
2520	5.324	5.637	2.740	0.009	0.000	40000	39969	31	0	37	11.000	1	4
2530	5.477	5.651	2.107	0.010	0.000	40000	39971	29	0	44	10.000	1	4
2540	4.483	5.664	1.096	0.008	0.000	40000	39974	26	0	36	11.000	1	4
2550	5.604	5.678	2.491	0.009	0.000	40000	39972	28	0	37	11.000	1	4
2560	5.250	5.692	1.826	0.011	0.000	40000	39971	29	0	32	11.000	1	4
2570	5.241	5.705	1.957	0.010	0.000	40000	39968	32	0	43	11.000	1	4
2580	5.679	5.718	2.107	0.016	0.000	40000	39971	29	0	47	10.000	1	4
2590	5.769	5.733	2.740	0.011	0.000	40000	39972	28	0	37	11.000	1	4
2600	5.881	5.747	1.612	0.009	0.000	40000	39974	26	0	37	11.000	1	4
2610	5.477	5.760	1.957	0.012	0.000	40000	39973	27	0	26	11.000	1	4
2620	5.280	5.771	1.191	0.009	0.000	40000	39972	28	0	36	10.000	1	4
2630	6.114	5.786	3.044	0.012	0.000	40000	39974	26	0	31	10.000	1	4
2640	6.304	5.801	3.044	0.013	0.000	40000	39973	27	0	34	11.000	1	4
2650	5.856	5.815	1.957	0.007	0.000	40000	39968	32	0	43	11.000	1	4
2660	6.438	5.829	2.491	0.008	0.000	40000	39972	28	0	38	10.000	1	4
2670	6.283	5.842	3.044	0.009	0.000	40000	39975	25	0	35	11.000	1	4
2680	6.610	5.856	9.132	0.008	0.000	40000	39970	30	0	39	11.000	1	4
2690	5.994	5.870	2.107	0.009	0.000	40000	39971	29	0	36	11.000	1	4
2700	6.499	5.884	2.283	0.010	0.000	40000	39972	28	0	34	11.000	1	4
2710	5.536	5.897	2.491	0.011	0.000	40000	39971	29	0	29	11.000	1	4
2720	5.835	5.910	3.044	0.011	0.000	40000	39971	29	0	33	10.000	1	4
2730	6.204	5.925	3.425	0.011	0.000	40000	39971	29	0	32	11.000	1	4
2740	6.579	5.938	5.479	0.013	0.000	40000	39971	29	0	34	10.000	1	4
2750	5.429	5.952	1.826	0.012	0.000	40000	39972	28	0	34	11.000	1	4
2760	6.209	5.966	3.044	0.009	0.000	40000	39973	27	0	38	10.000	1	4
2770	6.717	5.979	3.914	0.009	0.000	40000	39974	26	0	24	11.000	1	4
2780	6.292	5.993	2.491	0.013	0.000	40000	39970	30	0	33	11.000	1	4
2790	6.269	6.007	2.283	0.009	0.000	40000	39971	29	0	35	10.000	1	4
2800	6.130	6.019	2.283	0.008	0.000	40000	39974	26	0	39	10.000	1	4
2810	6.225	6.034	1.612	0.009	0.000	40000	39972	28	0	34	10.000	1	4
2820	6.607	6.048	2.740	0.011	0.000	40000	39971	29	0	42	10.000	1	4
2830	6.569	6.062	2.740	0.009	0.000	40000	39970	30	0	39	10.000	1	4
2840	6.488	6.075	2.740	0.007	0.000	40000	39975	25	0	33	10.000	1	4
2850	6.301	6.089	3.425	0.010	0.000	40000	39972	28	0	42	10.000	1	4
2860	6.233	6.103	1.712	0.012	0.000	40000	39974	26	0	29	10.000	1	4
2870	5.741	6.116	1.442	0.011	0.000	40000	39973	27	0	35	10.000	1	4
2880	6.904	6.130	2.491	0.011	0.000	40000	39972	28	0	37	10.000	1	4
2890	5.049	6.144	1.191	0.018	0.000	40000	39969	31	0	29	11.000	1	4
2900	6.724	6.156	3.044	0.008	0.000	40000	39975	25	0	33	10.000	1	4
2910	7.006	6.171	1.957	0.009	0.000	40000	39971	29	0	38	11.000	1	4
2920	5.635	6.185	1.245	0.013	0.000	40000	39970	30	0	29	10.000	1	4
2930	6.363	5.315	2.283	0.009	0.000	40000	39973	27	0	30	10.000	1	4
2940	7.181	6.211	3.044	0.007	0.000	40000	39975	25	0	41	11.000	1	4
2950	6.879	6.223	2.491	0.015	0.000	40000	39973	27	0	29	11.000	1	4
2960	6.084	6.237	1.826	0.015	0.000	40000	39974	26	0	24	11.000	1	4
2970	6.046	6.251	2.283	0.009	0.000	40000	39971	29	0	39	11.000	1	4
2980	6.225	6.266	1.957	0.011	0.000	40000	39975	25	0	33	10.000	1	4
2990	6.071	6.281	1.826	0.013	0.000	40000	39972	28	0	25	11.000	1	4
3000	6.585	6.295	2.491	0.009	0.000	40000	39972	28	0	33	11.000	1	4
3010	6.236	6.308	1.712	0.007	0.000	40000	39972	28	0	33	11.000	1	4
3020	6.566	6.322	1.612	0.012	0.000	40000	39972	28	0	26	11.000	1	4
3030	6.236	6.333	2.107	0.014	0.000	40000	39971	29	0	39	11.000	1	4
3040	6.820	6.349	2.491	0.010	0.000	40000	39970	30	0	38	11.000	1	4
3050	6.910	6.363	3.044	0.015	0.000	40000	39974	26	0	20	9.000	1	4
3060	6.007	6.377	1.522	0.009	0.000	40000	39971	29	0	34	11.000	1	4
3070	6.597	6.389	2.283	0.012	0.000	40000	39976	24	0	24	11.000	1	4
3080	5.938	6.404	1.957	0.015	0.000	40000	39969	31	0	34	11.000	1	4
3090	6.517	6.418	3.044	0.009	0.000	40000	39971	29	0	33	11.000	1	4
3100	7.151	6.432	3.425	0.008	0.000	40000	39972	28	0	39	11.000	1	4
3110	6.910	6.445	2.107	0.009	0.000	40000	39974	26	0	36	10.000	1	4
3120	6.687	6.459	1.612	0.010	0.000	40000	39974	26	0	36	11.000	1	4
3130	6.475	6.473	1.826	0.009	0.000	40000	39971	29	0	36	10.000	1	4
3140	6.086	6.486	1.245	0.010	0.000	40000	39975	25	0	29	11.000	1	4
3150	6.822	6.499	1.957	0.011	0.000	40000	39971	29	0	36	10.000	1	4
3160	6.388	6.514	1.712	0.009	0.000	40000	39974	26	0	37	11.000	1	4
3170	7.222	6.525	3.044	0.010	0.000	40000	39974	26	0	29	11.000	1	4
3180	6.133	6.541	1.712	0.009	0.000	40000	39972	28	0	36	10.000	1	4
3190	6.688	5.671	1.957	0.012	0.000	40000	39974	26	0	24	10.000	1	4
3200	6.195	6.566	1.712	0.015	0.000	40000	39974	26	0	22	11.000	1	4
3210	6.687	6.582	1.712	0.013	0.000	40000	39973	27	0	35	10.000	1	4
3220	6.619	6.596	1.522	0.012	0.000	40000	39972	28	0	31	10.000	1	4
3230	7.205	6.607	2.107	0.010	0.000	40000	39975	25	0	30	10.000	1	4
3240	6.947	6.622	2.283	0.014	0.000	40000	39972	28	0	41	10.000	1	4
3250	6.533	6.637	2.107	0.011	0.000	40000	39974	26	0	30	11.000	1	4
3260	7.037	6.648	2.107	0.011	0.000	40000	39976	24	0	37	11.000	1	4
3270	7.034	6.664	2.107	0.011	0.000	40000	39973	27	0	30	10.000	1	4
3280	6.667	6.678	3.044	0.014	0.000	40000	39972	28	0	34	11.000	1	4
3290	7.144	6.692	1.957	0.011	0.000	40000	39973	27	0	39	10.000	1	4
3300	7.508	6.705	2.740	0.010	0.000	40000	39974	26	0	35	10.000	1	4
3310	7.131	6.719	1.826	0.010	0.000	40000	39971	29	0	32	10.000	1	4
3320	7.127	5.849	3.044	0.012	0.000	40000	39970	30	0	39	11.000	1	4
3330	6.905	6.747	1.612	0.007	0.000	40000	39974	26	0	41	10.000	1	4
3340	7.323	6.760	2.107	0.011	0.000	40000	39973	27	0	28	11.000	1	4
3350	7.031	6.774	1.826	0.011	0.000	40000	39972	28	0	41	11.000	1	4
3360	7.042	6.788	1.612	0.011	0.000	40000	39971	29	0	32	11.000	1	4
3370	7.267	6.800	1.712	0.015	0.000	40000	39970	30	0	33	11.000	1	4
3380	8.236	6.814	5.479	0.011	0.000	40000	39973	27	0	31	11.000	1	4
3390	7.668	6.829	3.914	0.008	0.000	40000	39971	29	0	40	10.000	1	4
3400	7.617	6.834	2.283	0.019	0.000	40000	39974	26	0	28	10.000	1	4
3410	7.993	6.856	3.044	0.012	0.000	40000	39972	28	0	29	11.000	1	4
3420	8.001	6.866	1.826	0.019	0.000	40000	39974	26	0	22	11.000	1	4
3430	7.535	6.884	1.612	0.007	0.000	40000	39975	25	0	39	11.000	1	4
3440	6.970	6.897	2.107	0.011	0.000	40000	39971	29	0	44	11.000	1	4
3450	8.207	6.911	3.914	0.011	0.000	40000	39974	26	0	36	11.000	1	4
3460	7.025	6.925	1.522	0.010	0.000	40000	39973	27	0	33	11.000	1	4
3470	7.385	6.937	1.957	0.011	0.000	40000	39972	28	0	27	10.000	1	4
3480	8.123	6.952	3.044	0.010	0.000	40000	39972	28	0	39	10.000	1	4
3490	8.023	6.082	2.283	0.009	0.000	40000	39971	29	0	41	11.000	1	4
3500	7.879	6.978	2.107	0.008	0.000	40000	39973	27	0	31	10.000	1	4
3510	6.938	6.971	1.370	0.011	0.000	40000	39970	30	0	26	10.000	1	4
3520	7.604	7.007	1.612	0.010	0.000	40000	39973	27	0	37	10.000	1	4
3530	7.678	7.019	3.044	0.016	0.000	40000	39970	30	0	36	10.000	1	4
3540	7.607	7.034	1.826	0.009	0.000	40000	39974	26	0	31	10.000	1	4
3550	7.606	7.048	2.107	0.008	0.000	40000	39972	28	0	39	10.000	1	4
3560	8.510	7.062	3.914	0.008	0.000	40000	39972	28	0	45	11.000	1	4
3570	7.194	7.074	1.305	0.014	0.000	40000	39973	27	0	31	10.000	1	4
3580	8.543	7.089	2.740	0.010	0.000	40000	39973	27	0	31	11.000	1	4
3590	7.573	7.103	1.712	0.010	0.000	40000	39971	29	0	34	11.000	1	4
3600	7.602	7.105	1.370	0.009	0.000	40000	39974	26	0	28	11.000	1	4
3610	7.509	7.110	1.612	0.009	0.000	40000	39973	27	0	30	10.000	1	4
3620	8.571	7.144	1.522	0.007	0.000	40000	39973	27	0	29	10.000	1	4
3630	8.408	7.156	2.740	0.011	0.000	40000	39975	25	0	34	11.000	1	4
3640	8.425	7.171	1.957	0.013	0.000	40000	39970	30	0	35	11.000	1	4
3650	8.036	7.185	1.612	0.009	0.000	40000	39973	27	0	32	11.000	1	4
3660	8.942	7.199	2.740	0.015	0.000	40000	39974	26	0	26	11.000	1	4
3670	8.472	7.212	2.491	0.014	0.000	40000	39974	26	0	38	10.000	1	4
3680	8.374	7.226	1.826	0.007	0.000	40000	39973	27	0	34	10.000	1	4
3690	9.032	7.240	3.914	0.011	0.000	40000	39974	26	0	29	11.000	1	4
3700	8.084	7.252	1.712	0.011	0.000	40000	39974	26	0	30	10.000	1	4
3710	7.931	7.267	1.522	0.011	0.000	40000	39974	26	0	28	11.000	1	4
3720	7.433	7.281	1.442	0.009	0.000	40000	39973	27	0	39	11.000	1	4
3730	8.531	7.295	3.425	0.009	0.000	40000	39971	29	0	37	10.000	1	4
3740	8.461	7.307	1.712	0.010	0.000	40000	39975	25	0	31	10.000	1	4
3750	9.389	7.322	5.479	0.012	0.000	40000	39972	28	0	36	11.000	1	4
3760	7.900	7.332	2.491	0.009	0.000	40000	39974	26	0	34	11.000	1	4
3770	8.567	7.348	2.107	0.010	0.000	40000	39976	24	0	33	11.000	1	4
3780	8.205	7.363	1.612	0.008	0.000	40000	39973	27	0	45	10.000	1	4
3790	8.959	7.377	4.566	0.013	0.000	40000	39973	27	0	28	11.000	1	4
3800	9.116	7.390	2.283	0.011	0.000	40000	39969	31	0	36	10.000	1	4
3810	9.462	7.404	3.425	0.012	0.000	40000	39973	27	0	29	10.000	1	4
3820	9.214	7.416	2.283	0.078	0.000	40000	39975	25	0	33	11.000	1	4
3830	8.790	7.432	1.957	0.038	0.000	40000	39972	28	0	38	10.000	1	4
3840	8.975	7.445	2.491	0.025	0.000	40000	39973	27	0	33	11.000	1	4
3850	9.158	7.455	3.425	0.012	0.000	40000	39974	26	0	29	11.000	1	4
3860	8.544	7.473	1.712	0.046	0.000	40000	39975	25	0	35	10.000	1	4
3870	8.403	7.486	2.107	0.011	0.000	40000	39973	27	0	30	10.000	1	4
3880	8.217	7.497	1.612	0.040	0.000	40000	39975	25	0	34	11.000	1	4
3890	8.105	7.514	1.612	0.029	0.000	40000	39969	31	0	39	11.000	1	4
3900	8.403	7.527	2.107	0.022	0.000	40000	39972	28	0	36	10.000	1	4
3910	9.820	7.541	3.044	0.017	0.000	40000	39969	31	0	31	10.000	1	4
3920	8.262	7.553	2.283	0.023	0.000	40000	39974	26	0	33	10.000	1	4
3930	9.284	7.568	1.826	0.051	0.000	40000	39973	27	0	35	11.000	1	4
3940	9.445	7.581	1.826	0.009	0.000	40000	39974	26	0	34	10.000	1	4
3950	9.903	7.595	3.425	0.054	0.000	40000	39975	25	0	36	10.000	1	4
3960	8.290	7.610	1.442	0.033	0.000	40000	39973	27	0	29	11.000	1	4
3970	9.173	7.623	3.044	0.013	0.000	40000	39974	26	0	27	10.000	1	4
3980	8.916	7.637	2.283	0.012	0.000	40000	39975	25	0	28	11.000	1	4
3990	8.269	7.651	2.107	0.011	0.000	40000	39973	27	0	30	11.000	1	4
4000	8.140	7.664	2.107	0.012	0.000	40000	39970	30	0	29	10.000	1	4
4010	7.843	7.678	1.712	0.009	0.000	40000	39973	27	0	34	10.000	1	4
4020	8.760	7.692	1.712	0.010	0.000	40000	39975	25	0	30	11.000	1	4
4030	8.573	7.705	1.612	0.007	0.000	40000	39974	26	0	33	11.000	1	4
4040	8.353	7.719	1.826	0.010	0.000	40000	39973	27	0	30	11.000	1	4
4050	7.874	7.733	1.522	0.016	0.000	40000	39971	29	0	31	11.000	1	4
4060	8.293	7.747	2.491	0.008	0.000	40000	39973	27	0	31	11.000	1	4
4070	8.464	7.760	1.957	0.007	0.000	40000	39975	25	0	25	11.000	1	4
4080	8.974	7.773	2.491	0.010	0.000	40000	39973	27	0	39	10.000	1	4
4090	8.941	7.788	2.283	0.014	0.000	40000	39973	27	0	27	11.000	1	4
4100	8.648	7.801	2.283	0.010	0.000	40000	39973	27	0	37	11.000	1	4
4110	8.856	7.815	2.491	0.007	0.000	40000	39973	27	0	39	10.000	1	4
4120	8.411	7.827	2.740	0.011	0.000	40000	39972	28	0	35	10.000	1	4
4130	7.953	7.841	1.957	0.010	0.000	40000	39972	28	0	32	10.000	1	4
4140	9.879	7.856	5.479	0.011	0.000	40000	39971	29	0	35	11.000	1	4
4150	9.147	7.868	3.425	0.011	0.000	40000	39975	25	0	28	11.000	1	4
4160	8.734	7.884	2.283	0.013	0.000	40000	39973	27	0	33	11.000	1	4
4170	9.371	7.897	2.491	0.012	0.000	40000	39972	28	0	29	11.000	1	4
4180	9.063	7.911	2.740	0.015	0.000	40000	39972	28	0	36	10.000	1	4
4190	8.837	7.925	1.957	0.014	0.000	40000	39971	29	0	36	10.000	1	4
4200	9.263	7.938	3.044	0.012	0.000	40000	39971	29	0	33	10.000	1	4
4210	9.409	7.952	3.044	0.010	0.000	40000	39974	26	0	31	11.000	1	4
4220	8.616	7.966	2.107	0.011	0.000	40000	39973	27	0	26	11.000	1	4
4230	8.672	7.979	2.107	0.012	0.000	40000	39972	28	0	33	11.000	1	4
4240	9.622	7.993	2.283	0.012	0.000	40000	39973	27	0	33	11.000	1	4
4250	8.083	8.007	1.522	0.014	0.000	40000	39971	29	0	35	11.000	1	4
4260	8.316	8.021	1.442	0.007	0.000	40000	39973	27	0	38	10.000	1	4
4270	9.504	8.034	2.283	0.010	0.000	40000	39972	28	0	34	10.000	1	4
4280	8.149	8.042	1.442	0.010	0.000	40000	39974	26	0	29	11.000	1	4
4290	7.668	8.062	1.826	0.011	0.000	40000	39972	28	0	37	10.000	1	4
4300	9.329	8.071	2.740	0.014	0.000	40000	39973	27	0	24	11.000	1	4
4310	8.597	8.086	1.442	0.015	0.000	40000	39973	27	0	29	11.000	1	4
4320	8.457	8.103	1.712	0.015	0.000	40000	39972	28	0	32	10.000	1	4
4330	8.110	8.116	1.442	0.011	0.000	40000	39972	28	0	33	11.000	1	4
4340	8.816	8.130	2.283	0.009	0.000	40000	39970	30	0	31	10.000	1	4
4350	8.610	8.141	3.044	0.009	0.000	40000	39972	28	0	35	11.000	1	4
4360	8.399	8.158	2.107	0.012	0.000	40000	39975	25	0	28	10.000	1	4
4370	9.747	8.171	1.957	0.014	0.000	40000	39971	29	0	38	10.000	1	4
4380	9.131	8.185	3.425	0.013	0.000	40000	39972	28	0	34	10.000	1	4
4390	9.190	8.199	4.566	0.015	0.000	40000	39972	28	0	33	10.000	1	4
4400	9.765	8.212	3.425	0.011	0.000	40000	39972	28	0	28	11.000	1	4
4410	9.348	8.226	4.566	0.011	0.000	40000	39973	27	0	28	11.000	1	4
4420	9.437	8.240	2.491	0.012	0.000	40000	39970	30	0	34	11.000	1	4
4430	8.777	8.252	3.044	0.012	0.000	40000	39972	28	0	31	11.000	1	4
4440	9.122	8.267	2.740	0.010	0.000	40000	39972	28	0	31	10.000	1	4
4450	9.328	8.281	3.425	0.010	0.000	40000	39969	31	0	40	10.000	1	4
4460	8.213	8.295	1.712	0.013	0.000	40000	39971	29	0	43	10.000	1	4
4470	8.910	8.308	1.612	0.011	0.000	40000	39975	25	0	33	10.000	1	4
4480	8.392	8.322	1.612	0.009	0.000	40000	39972	28	0	42	10.000	1	4
4490	9.196	8.334	9.132	0.011	0.000	40000	39975	25	0	31	11.000	1	4
4500	7.893	8.349	1.957	0.011	0.000	40000	39973	27	0	37	11.000	1	4
4510	8.392	8.363	2.283	0.009	0.000	40000	39969	31	0	40	11.000	1	4
4520	9.194	8.377	2.740	0.010	0.000	40000	39974	26	0	26	11.000	1	4
4530	7.999	8.390	2.107	0.012	0.000	40000	39972	28	0	36	11.000	1	4
4540	8.020	8.404	3.044	0.011	0.000	40000	39968	32	0	43	11.000	1	4
4550	7.901	8.418	1.712	0.012	0.000	40000	39973	27	0	32	10.000	1	4
4560	8.805	8.432	2.491	0.008	0.000	40000	39973	27	0	29	10.000	1	4
4570	6.620	8.445	1.712	0.008	0.000	40000	39971	29	0	30	11.000	1	4
4580	8.382	8.459	2.491	0.009	0.000	40000	39974	26	0	28	10.000	1	4
4590	8.094	8.471	2.740	0.012	0.000	40000	39975	25	0	27	10.000	1	4
4600	8.307	8.486	1.712	0.010	0.000	40000	39975	25	0	27	10.000	1	4
4610	8.012	8.500	2.491	0.008	0.000	40000	39974	26	0	27	10.000	1	4
4620	8.351	8.514	3.425	0.009	0.000	40000	39973	27	0	27	11.000	1	4
4630	7.881	8.527	2.491	0.013	0.000	40000	39974	26	0	33	10.000	1	4
4640	9.013	8.541	3.044	0.009	0.000	40000	39973	27	0	29	11.000	1	4
4650	8.467	8.555	2.107	0.015	0.000	40000	39971	29	0	33	10.000	1	4
4660	8.164	8.568	2.740	0.008	0.000	40000	39974	26	0	29	11.000	1	4
4670	8.017	8.582	1.957	0.010	0.000	40000	39971	29	0	38	11.000	1	4
4680	7.225	8.596	2.491	0.014	0.000	40000	39972	28	0	21	11.000	1	4
4690	7.877	8.610	2.740	0.008	0.000	40000	39972	28	0	34	11.000	1	4
4700	7.706	8.623	2.740	0.011	0.000	40000	39973	27	0	27	11.000	1	4
4710	8.106	8.637	2.283	0.011	0.000	40000	39969	31	0	32	10.000	1	4
4720	7.178	8.651	2.283	0.008	0.000	40000	39974	26	0	32	10.000	1	4
4730	7.148	8.664	1.612	0.011	0.000	40000	39973	27	0	29	10.000	1	4
4740	7.890	8.678	2.491	0.011	0.000	40000	39973	27	0	38	10.000	1	4
4750	6.946	8.692	2.491	0.010	0.000	40000	39972	28	0	35	10.000	1	4
4760	7.796	8.705	2.107	0.011	0.000	40000	39972	28	0	28	11.000	1	4
4770	8.079	8.715	1.957	0.011	0.000	40000	39972	28	0	35	11.000	1	4
4780	8.538	8.733	2.491	0.009	0.000	40000	39974	26	0	31	10.000	1	4
4790	8.741	8.744	2.491	0.010	0.000	40000	39976	24	0	24	11.000	1	4
4800	8.476	8.760	1.957	0.006	0.000	40000	39971	29	0	43	10.000	1	4
4810	8.623	8.774	3.425	0.013	0.000	40000	39972	28	0	24	11.000	1	4
4820	8.206	8.788	2.740	0.014	0.000	40000	39972	28	0	36	10.000	1	4
4830	8.238	8.801	2.491	0.012	0.000	40000	39969	31	0	34	10.000	1	4
4840	8.932	8.815	2.740	0.010	0.000	40000	39972	28	0	36	11.000	1	4
4850	7.691	8.829	4.566	0.011	0.000	40000	39971	29	0	37	10.000	1	4
4860	8.795	8.841	2.740	0.010	0.000	40000	39975	25	0	29	11.000	1	4
4870	8.441	8.853	3.044	0.011	0.000	40000	39973	27	0	29	11.000	1	4
4880	7.925	8.868	1.612	0.009	0.002	40000	39973	27	0	38	10.000	2	5
4890	8.021	8.884	1.712	0.010	0.000	40000	39974	26	0	27	10.000	1	5
4900	7.996	8.897	2.283	0.009	0.000	40000	39974	26	0	36	10.000	1	5
4910	8.970	8.910	3.044	0.009	0.000	40000	39974	26	0	28	11.000	1	5
4920	7.479	8.925	1.957	0.012	0.000	40000	39971	29	0	42	10.000	1	5
4930	7.678	8.938	1.826	0.010	0.000	40000	39970	30	0	32	10.000	1	5
4940	7.684	8.952	1.957	0.010	0.000	40000	39972	28	0	31	11.000	1	5
4950	8.429	8.964	2.107	0.008	0.000	40000	39976	24	0	28	10.000	1	5
4960	8.478	8.979	2.283	0.011	0.000	40000	39971	29	0	37	10.000	1	5
4970	9.130	8.993	2.283	0.008	0.000	40000	39974	26	0	38	11.000	1	5
4980	8.105	9.005	1.826	0.007	0.000	40000	39974	26	0	43	11.000	1	5
4990	8.509	9.018	2.283	0.011	0.000	40000	39975	25	0	21	10.000	1	5
5000	7.885	9.034	2.283	0.013	0.000	40000	39971	29	0	39	11.000	1	5
5010	7.444	9.048	1.612	0.009	0.000	40000	39974	26	0	32	10.000	1	5
5020	7.424	9.062	1.712	0.010	0.000	40000	39970	30	0	38	10.000	1	5
5030	8.597	9.073	1.826	0.009	0.000	40000	39975	25	0	38	10.000	1	5
5040	8.148	9.089	1.612	0.008	0.000	40000	39971	29	0	35	11.000	1	5
5050	8.972	9.103	2.491	0.011	0.000	40000	39973	27	0	30	11.000	1	5
5060	7.661	9.116	1.522	0.013	0.000	40000	39974	26	0	27	11.000	1	5
5070	6.720	9.129	1.612	0.015	0.000	40000	39973	27	0	30	10.000	1	5
5080	6.917	9.142	1.142	0.009	0.000	40000	39974	26	0	37	11.000	1	5
5090	8.462	9.156	5.479	0.012	0.000	40000	39971	29	0	35	10.000	1	5
5100	8.735	9.171	1.826	0.008	0.000	40000	39973	27	0	30	11.000	1	5
5110	7.815	9.185	2.283	0.009	0.000	40000	39973	27	0	26	10.000	1	5
5120	7.708	9.193	1.826	0.009	0.000	40000	39973	27	0	37	11.000	1	5
5130	7.479	9.212	2.107	0.011	0.000	40000	39970	30	0	41	10.000	1	5
5140	8.358	9.226	2.740	0.012	0.000	40000	39968	32	0	28	11.000	1	5
5150	8.108	9.238	2.107	0.008	0.000	40000	39976	24	0	36	10.000	1	5
5160	7.632	9.253	2.740	0.017	0.000	40000	39971	29	0	29	11.000	1	5
5170	8.684	9.263	3.914	0.011	0.000	40000	39971	29	0	38	10.000	1	5
5180	8.154	9.278	3.044	0.010	0.000	40000	39972	28	0	30	10.000	1	5
5190	7.686	9.293	1.712	0.010	0.000	40000	39974	26	0	29	11.000	1	5
5200	9.260	9.308	2.283	0.016	0.000	40000	39974	26	0	25	10.000	1	5
5210	8.555	9.322	3.044	0.011	0.000	40000	39972	28	0	32	10.000	1	5
5220	8.071	9.336	1.957	0.014	0.000	40000	39973	27	0	32	11.000	1	5
5230	9.770	9.349	2.107	0.012	0.000	40000	39974	26	0	35	10.000	1	5
5240	8.683	9.363	1.826	0.009	0.000	40000	39973	27	0	25	10.000	1	5
5250	8.624	9.366	1.957	0.013	0.000	40000	39972	28	0	37	10.000	1	5
5260	9.172	9.390	2.107	0.012	0.000	40000	39973	27	0	30	10.000	1	5
5270	8.921	9.404	2.491	0.008	0.000	40000	39973	27	0	32	10.000	1	5
5280	7.814	9.418	1.957	0.009	0.000	40000	39974	26	0	27	10.000	1	5
5290	8.901	9.429	1.612	0.007	0.000	40000	39977	23	0	24	11.000	1	5
5300	8.683	9.445	3.914	0.015	0.000	40000	39975	25	0	30	10.000	1	5
5310	8.611	9.459	1.442	0.010	0.000	40000	39973	27	0	24	11.000	1	5
5320	9.237	9.470	2.491	0.009	0.000	40000	39977	23	0	26	11.000	1	5
5330	9.560	9.482	3.044	0.008	0.000	40000	39974	26	0	31	11.000	1	5
5340	7.937	9.493	2.283	0.012	0.000	40000	39975	25	0	23	10.000	1	5
5350	7.814	9.510	1.522	0.011	0.000	40000	39974	26	0	39	10.000	1	5
5360	8.209	9.526	1.712	0.011	0.000	40000	39975	25	0	30	10.000	1	5
5370	8.581	9.541	2.491	0.010	0.000	40000	39971	29	0	30	10.000	1	5
5380	9.133	9.555	2.491	0.019	0.000	40000	39974	26	0	33	10.000	1	5
5390	7.832	9.568	1.826	0.014	0.000	40000	39973	27	0	18	11.000	1	5
5400	7.824	9.582	2.740	0.011	0.000	40000	39973	27	0	31	10.000	1	5
5410	8.740	9.595	4.566	0.010	0.000	40000	39973	27	0	28	10.000	1	5
5420	9.112	9.610	3.044	0.017	0.000	40000	39975	25	0	24	10.000	1	5
5430	7.873	9.623	2.283	0.013	0.000	40000	39974	26	0	23	11.000	1	5
5440	8.848	9.636	2.107	0.011	0.000	40000	39974	26	0	34	10.000	1	5
5450	9.293	9.651	2.283	0.015	0.000	40000	39975	25	0	31	10.000	1	5
5460	8.805	9.663	3.914	0.012	0.000	40000	39975	25	0	32	10.000	1	5
5470	9.730	9.678	3.914	0.016	0.000	40000	39973	27	0	32	11.000	1	5
Printing tree with 94 tips

